15
44.6394113989960
72.8880241250919
98.5512561911602
120.789121461194
139.207188492259
153.865178654125
165.205985474668
173.924706045311
180.809402654204
186.590074237960
191.828721631225
196.872361318830
201.875000000000
206.875000000000
211.875000000000
216.875000000000
221.875000000000
226.875000000000
231.875000000000
236.875000000000
241.875000000000
246.875000000000
251.875000000000
256.875000000000
261.875000000000
266.875000000000
271.875000000000
276.875000000000
281.875000000000
286.875000000000
291.875000000000
296.875000000000
301.875000000000
306.875000000000
311.875000000000
316.875000000000
321.875000000000
326.875000000000
331.875000000000
336.875000000000
341.875000000000
346.875000000000
351.875000000000
356.875000000000
361.875000000000
366.875000000000
371.875000000000
376.875000000000
381.875000000000
386.875000000000
391.875000000000
396.875000000000
401.875000000000
406.875000000000
411.875000000000
416.875000000000
421.875000000000
426.875000000000
431.875000000000
436.875000000000
441.875000000000
446.875000000000
451.875000000000
456.875000000000
461.875000000000
466.875000000000
471.875000000000
476.875000000000
481.875000000000
486.875000000000
491.875000000000
496.875000000000
501.875000000000
506.875000000000
511.875000000000
516.875000000000
521.875000000000
526.875000000000
531.875000000000
536.875000000000
541.875000000000
546.875000000000
551.875000000000
556.875000000000
561.875000000000
566.875000000000
571.875000000000
576.875000000000
581.875000000000
586.875000000000
591.875000000000
596.875000000000
601.875000000000
606.875000000000
611.875000000000
616.875000000000
621.875000000000
626.875000000000
631.875000000000
636.875000000000
641.875000000000
646.875000000000
651.875000000000
656.875000000000
661.875000000000
666.875000000000
671.875000000000
676.875000000000
681.875000000000
686.875000000000
691.875000000000
696.875000000000
701.875000000000
706.875000000000
711.875000000000
716.875000000000
721.875000000000
726.875000000000
731.875000000000
736.875000000000
741.875000000000
746.875000000000
751.875000000000
756.875000000000
761.875000000000
766.875000000000
771.875000000000
776.875000000000
781.875000000000
786.875000000000
791.875000000000
796.875000000000
801.875000000000
806.875000000000
811.875000000000
816.875000000000
821.875000000000
826.875000000000
831.875000000000
836.875000000000
841.875000000000
846.875000000000
851.875000000000
856.875000000000
861.875000000000
866.875000000000
871.875000000000
876.875000000000
881.875000000000
886.875000000000
891.875000000000
896.875000000000
901.875000000000
906.875000000000
911.875000000000
916.875000000000
921.875000000000
926.875000000000
931.875000000000
936.875000000000
941.875000000000
946.875000000000
951.875000000000
956.875000000000
961.875000000000
966.875000000000
971.875000000000
976.875000000000
981.875000000000
986.875000000000
991.875000000000
996.875000000000
1001.87500000000
1006.87500000000
1011.87500000000
1016.87500000000
1021.87500000000
1026.87500000000
1031.87500000000
1036.87500000000
1041.87500000000
1046.87500000000
1051.87500000000
1056.87500000000
1061.87500000000
1066.87500000000
1071.87500000000
1076.87500000000
1081.87500000000
1086.87500000000
1091.87500000000
1096.87500000000
1101.87500000000
1106.87500000000
1111.87500000000
1116.87500000000
1121.87500000000
1126.87500000000
1131.87500000000
1136.87500000000
1141.87500000000
1146.87500000000
1151.87500000000
1156.87500000000
1161.87500000000
1166.87500000000
1171.87500000000
1176.87500000000
1181.87500000000
1186.87500000000
1191.87500000000
1196.87500000000
1201.87500000000
1206.87500000000
1211.87500000000
1216.87500000000
1221.87500000000
1226.87500000000
1231.87500000000
1236.87500000000
1241.87500000000
1246.87500000000
1251.87500000000
1256.87500000000
1261.87500000000
1266.87500000000
1271.87500000000
1276.87500000000
1281.87500000000
1286.87500000000
1291.87500000000
1296.87500000000
1301.87500000000
1306.87500000000
1311.87500000000
1316.87500000000
1321.87500000000
1326.87500000000
1331.87500000000
1336.87500000000
1341.87500000000
1346.87500000000
1351.87500000000
1356.87500000000
1361.87500000000
1366.87500000000
1371.87500000000
1376.87500000000
1381.87500000000
1386.87500000000
1391.87500000000
1396.87500000000
1401.87500000000
1406.87500000000
1411.87500000000
1416.87500000000
1421.87500000000
1426.87500000000
1431.87500000000
1436.87500000000
1441.87500000000
1446.87500000000
1451.87500000000
1456.87500000000
1461.87500000000
1466.87500000000
1471.87500000000
1476.87500000000
1481.87500000000
1486.87500000000
1491.87500000000
1496.87500000000
1502.00541638041
1507.40356335269
1513.08350688779
1519.05995746012
1525.34839346707
1531.96510131645
1538.92721760669
1546.25277350884
1553.96074146547
1562.07108432737
1570.60480705529
1579.58401112065
1589.03195174608
1598.97309813412
1609.43319683990
1620.43933845213
1632.02002775495
1644.20525755240
1657.02658634677
1670.51722007184
1684.71209809291
1699.64798369615
1715.36355930181
1731.89952664770
1749.29871220256
1767.60617808225
1786.86933875602
1807.13808384515
1828.46490733199
1850.90504351403
1874.51661005504
1899.36075850399
1925.50183267122
1953.00753527241
1981.94910327169
2012.40149237812
2044.44357117331
2078.15832537301
2113.63307275167
2150.95968928655
2190.23484710711
2231.56026486602
2275.04297118003
2320.79558182323
2368.93659139038
2419.59068018582
2472.88903713277
2528.96969953924
2587.97791060060
2650.06649556458
2715.39625753317
2784.13639392616
2856.46493468526
2932.56920335345
3012.64630222387
3096.90362281468
3185.55938299187
3278.84319213133
3376.99664578370
3480.27395138220
3588.94258661395
3703.28399215990
3823.59430059749
3950.18510335380
4083.38425769561
4223.53673584621
4371.00551842835
4526.17253454695
4689.43965094659
4861.22971280534
5041.98763886069
5232.18157370363
5432.30410022546
5642.87351535718
5864.43517240573
6097.56289346335
6342.86045554836
6600.96315432597
6872.53944945931
7158.29269585174
7458.96296526433
7775.32896302622
8108.21004480199
8458.46833863926
8827.01097779240
9214.79245010515
9622.81707003672
10052.1415797339
10503.8778858852
10979.1959394461
11479.3267656925
12005.5656524505
12559.2755047600
13141.8903746595
13754.9191752349
14399.9495885502
15078.6521775821
15792.7847128079
16544.1967246518
17334.8342935796
18166.7450902491
19042.0836787682
19963.1170967956
20932.2307269379
21951.9344746466
23024.8692686176
24153.8139005269
25341.6922218178
26591.5807161778
27906.7164673175
29290.5055426872
