 z[m] p[mb]  tls[K/s] qls[kg/kg/s] uls  vls  wls[m/s]
 0., 22,   1017.8 day, nlevels, pres0
    10.00000 -999.00000    0.00000    0.00000     2.32820  11.96743    -0.000030
   150.00000 -999.00000    0.00000    0.00000     2.32820  11.96743    -0.000500
   650.00000 -999.00000    0.00000    0.00000     2.32820  11.96743    -0.002170
  1100.00000 -999.00000    0.00000    0.00000     2.32820  11.96743    -0.003670  
  1175.00000 -999.00000    0.00000    0.00000     2.32820  11.96743    -0.003920
  1600.00000 -999.00000    0.00000    0.00000     2.32820  11.96743    -0.005330
  1700.00000 -999.00000    0.00000    0.00000     2.32820  11.96743    -0.005670
  1900.00000 -999.00000    0.00000    0.00000     2.32820  11.96743    -0.006330
  2720.00000 -999.00000    0.00000    0.00000     2.32820  11.96743    -0.009060
  3000.00000 -999.00000    0.00000    0.00000     2.32820  11.96743    -0.010000
  4015.00000 -999.00000    0.00000    0.00000     2.32820  11.96743    -0.010000
  5400.00000 -999.00000    0.00000    0.00000     2.32820  11.96743    -0.010000
  7100.00000 -999.00000    0.00000    0.00000     2.32820  11.96743    -0.010000
  9285.00000 -999.00000    0.00000    0.00000     2.32820  11.96743    -0.010000
 10670.00000 -999.00000    0.00000    0.00000     2.32820  11.96743    -0.010000
 12365.00000 -999.00000    0.00000    0.00000     2.32820  11.96743    -0.010000
 14550.00000 -999.00000    0.00000    0.00000     2.32820  11.96743    -0.010000
 17635.00000 -999.00000    0.00000    0.00000     2.32820  11.96743    -0.010000
 20345.00000 -999.00000    0.00000    0.00000     2.32820  11.96743    -0.010000
 22900.00000 -999.00000    0.00000    0.00000     2.32820  11.96743    -0.010000
 26785.00000 -999.00000    0.00000    0.00000     2.32820  11.96743    -0.010000
 29865.00000 -999.00000    0.00000    0.00000     2.32820  11.96743    -0.010000
1000., 22,   1017.8 day, nlevels, pres0
    10.00000 -999.00000    0.00000    0.00000     2.32820  11.96743    -0.000030
   150.00000 -999.00000    0.00000    0.00000     2.32820  11.96743    -0.000500
   650.00000 -999.00000    0.00000    0.00000     2.32820  11.96743    -0.002170
  1100.00000 -999.00000    0.00000    0.00000     2.32820  11.96743    -0.003670  
  1175.00000 -999.00000    0.00000    0.00000     2.32820  11.96743    -0.003920
  1600.00000 -999.00000    0.00000    0.00000     2.32820  11.96743    -0.005330
  1700.00000 -999.00000    0.00000    0.00000     2.32820  11.96743    -0.005670
  1900.00000 -999.00000    0.00000    0.00000     2.32820  11.96743    -0.006330
  2720.00000 -999.00000    0.00000    0.00000     2.32820  11.96743    -0.009060
  3000.00000 -999.00000    0.00000    0.00000     2.32820  11.96743    -0.010000
  4015.00000 -999.00000    0.00000    0.00000     2.32820  11.96743    -0.010000
  5400.00000 -999.00000    0.00000    0.00000     2.32820  11.96743    -0.010000
  7100.00000 -999.00000    0.00000    0.00000     2.32820  11.96743    -0.010000
  9285.00000 -999.00000    0.00000    0.00000     2.32820  11.96743    -0.010000
 10670.00000 -999.00000    0.00000    0.00000     2.32820  11.96743    -0.010000
 12365.00000 -999.00000    0.00000    0.00000     2.32820  11.96743    -0.010000
 14550.00000 -999.00000    0.00000    0.00000     2.32820  11.96743    -0.010000
 17635.00000 -999.00000    0.00000    0.00000     2.32820  11.96743    -0.010000
 20345.00000 -999.00000    0.00000    0.00000     2.32820  11.96743    -0.010000
 22900.00000 -999.00000    0.00000    0.00000     2.32820  11.96743    -0.010000
 26785.00000 -999.00000    0.00000    0.00000     2.32820  11.96743    -0.010000
 29865.00000 -999.00000    0.00000    0.00000     2.32820  11.96743    -0.010000
