 7.500000000 1 7.500000000
 22.50000000 2 15.00000000
 37.50000000 3 15.00000000
 52.50000000 4 15.00000000
 67.50000000 5 15.00000000
 82.50000000 6 15.00000000
 97.50000000 7 15.00000000
 112.5000000 8 15.00000000
 127.5000000 9 15.00000000
 142.5000000 10 15.00000000
 157.5000000 11 15.00000000
 172.5000000 12 15.00000000
 187.5000000 13 15.00000000
 202.5000000 14 15.00000000
 217.5000000 15 15.00000000
 232.5000000 16 15.00000000
 247.5000000 17 15.00000000
 262.5000000 18 15.00000000
 277.5000000 19 15.00000000
 292.5000000 20 15.00000000
 307.5000000 21 15.00000000
 322.5000000 22 15.00000000
 337.5000000 23 15.00000000
 352.5000000 24 15.00000000
 367.5000000 25 15.00000000
 382.5000000 26 15.00000000
 397.5000000 27 15.00000000
 412.5000000 28 15.00000000
 427.5000000 29 15.00000000
 442.5000000 30 15.00000000
 457.5000000 31 15.00000000
 472.5000000 32 15.00000000
 487.5000000 33 15.00000000
 502.5000000 34 15.00000000
 517.5000000 35 15.00000000
 532.5000000 36 15.00000000
 546.8493042 37 14.34930420
 559.9537354 38 13.10443115
 571.9212036 39 11.96746826
 582.8504028 40 10.92919922
 592.8314209 41 9.981018066
 601.9465332 42 9.115112305
 610.2707520 43 8.324218750
 617.8728027 44 7.602050781
 624.8153076 45 6.942504883
 631.1555786 46 6.340270996
 636.9457397 47 5.790161133
 642.3547363 48 5.408996582
 647.5000000 49 5.145263672
 652.5000000 50 5.000000000
 657.5000000 51 5.000000000
 662.5000000 52 5.000000000
 667.5000000 53 5.000000000
 672.5000000 54 5.000000000
 677.5000000 55 5.000000000
 682.5000000 56 5.000000000
 687.5000000 57 5.000000000
 692.5000000 58 5.000000000
 697.5000000 59 5.000000000
 702.5000000 60 5.000000000
 707.5000000 61 5.000000000
 712.5000000 62 5.000000000
 717.5000000 63 5.000000000
 722.5000000 64 5.000000000
 727.5000000 65 5.000000000
 732.5000000 66 5.000000000
 737.5000000 67 5.000000000
 742.5000000 68 5.000000000
 747.5000000 69 5.000000000
 752.5000000 70 5.000000000
 757.5000000 71 5.000000000
 762.5000000 72 5.000000000
 767.5000000 73 5.000000000
 772.5000000 74 5.000000000
 777.5000000 75 5.000000000
 782.5000000 76 5.000000000
 787.5000000 77 5.000000000
 792.5000000 78 5.000000000
 797.5000000 79 5.000000000
 802.5000000 80 5.000000000
 807.5000000 81 5.000000000
 812.5000000 82 5.000000000
 817.5000000 83 5.000000000
 822.5000000 84 5.000000000
 827.5000000 85 5.000000000
 832.5000000 86 5.000000000
 837.5000000 87 5.000000000
 842.5000000 88 5.000000000
 847.5000000 89 5.000000000
 852.5000000 90 5.000000000
 857.5000000 91 5.000000000
 862.5000000 92 5.000000000
 867.5000000 93 5.000000000
 872.5000000 94 5.000000000
 877.5000000 95 5.000000000
 882.5000000 96 5.000000000
 887.5000000 97 5.000000000
 892.5000000 98 5.000000000
 897.5000000 99 5.000000000
 902.5000000 100 5.000000000
 907.5000000 101 5.000000000
 912.5000000 102 5.000000000
 917.5000000 103 5.000000000
 922.5000000 104 5.000000000
 927.5000000 105 5.000000000
 932.5000000 106 5.000000000
 937.5000000 107 5.000000000
 942.5000000 108 5.000000000
 947.5000000 109 5.000000000
 952.5000000 110 5.000000000
 957.5000000 111 5.000000000
 962.5000000 112 5.000000000
 967.5000000 113 5.000000000
 972.5000000 114 5.000000000
 977.5000000 115 5.000000000
 982.5000000 116 5.000000000
 987.5000000 117 5.000000000
 992.5000000 118 5.000000000
 997.5000000 119 5.000000000
 1002.500000 120 5.000000000
 1007.500000 121 5.000000000
 1012.500000 122 5.000000000
 1017.500000 123 5.000000000
 1022.500000 124 5.000000000
 1027.500000 125 5.000000000
 1032.500000 126 5.000000000
 1037.500000 127 5.000000000
 1042.500000 128 5.000000000
 1047.500000 129 5.000000000
 1052.500000 130 5.000000000
 1057.500000 131 5.000000000
 1062.500000 132 5.000000000
 1067.500000 133 5.000000000
 1072.500000 134 5.000000000
 1077.500000 135 5.000000000
 1082.500000 136 5.000000000
 1087.500000 137 5.000000000
 1092.500000 138 5.000000000
 1097.500000 139 5.000000000
 1102.500000 140 5.000000000
 1107.500000 141 5.000000000
 1112.500000 142 5.000000000
 1117.500000 143 5.000000000
 1122.500000 144 5.000000000
 1127.500000 145 5.000000000
 1132.500000 146 5.000000000
 1137.500000 147 5.000000000
 1142.500000 148 5.000000000
 1147.500000 149 5.000000000
 1152.500000 150 5.000000000
 1157.500000 151 5.000000000
 1162.500000 152 5.000000000
 1167.500000 153 5.000000000
 1172.500000 154 5.000000000
 1177.500000 155 5.000000000
 1182.500000 156 5.000000000
 1187.500000 157 5.000000000
 1192.500000 158 5.000000000
 1197.500000 159 5.000000000
 1202.500000 160 5.000000000
 1207.500000 161 5.000000000
 1212.500000 162 5.000000000
 1217.500000 163 5.000000000
 1222.500000 164 5.000000000
 1227.500000 165 5.000000000
 1232.500000 166 5.000000000
 1237.500000 167 5.000000000
 1242.500000 168 5.000000000
 1247.500000 169 5.000000000
 1252.500000 170 5.000000000
 1257.500000 171 5.000000000
 1262.500000 172 5.000000000
 1267.500000 173 5.000000000
 1272.500000 174 5.000000000
 1277.500000 175 5.000000000
 1282.500000 176 5.000000000
 1287.500000 177 5.000000000
 1292.500000 178 5.000000000
 1297.500000 179 5.000000000
 1302.500000 180 5.000000000
 1307.500000 181 5.000000000
 1312.500000 182 5.000000000
 1317.500000 183 5.000000000
 1322.500000 184 5.000000000
 1327.500000 185 5.000000000
 1332.500000 186 5.000000000
 1337.500000 187 5.000000000
 1342.500000 188 5.000000000
 1347.500000 189 5.000000000
 1352.500000 190 5.000000000
 1357.500000 191 5.000000000
 1362.500000 192 5.000000000
 1367.500000 193 5.000000000
 1372.500000 194 5.000000000
 1377.500000 195 5.000000000
 1382.500000 196 5.000000000
 1387.500000 197 5.000000000
 1392.500000 198 5.000000000
 1397.500000 199 5.000000000
 1402.500000 200 5.000000000
 1407.500000 201 5.000000000
 1412.500000 202 5.000000000
 1417.500000 203 5.000000000
 1422.500000 204 5.000000000
 1427.500000 205 5.000000000
 1432.500000 206 5.000000000
 1437.500000 207 5.000000000
 1442.500000 208 5.000000000
 1447.500000 209 5.000000000
 1452.500000 210 5.000000000
 1457.500000 211 5.000000000
 1462.500000 212 5.000000000
 1467.500000 213 5.000000000
 1472.500000 214 5.000000000
 1477.500000 215 5.000000000
 1482.500000 216 5.000000000
 1487.500000 217 5.000000000
 1492.500000 218 5.000000000
 1497.500000 219 5.000000000
 1502.500000 220 5.000000000
 1507.500000 221 5.000000000
 1512.500000 222 5.000000000
 1517.500000 223 5.000000000
 1522.500000 224 5.000000000
 1527.500000 225 5.000000000
 1532.500000 226 5.000000000
 1537.500000 227 5.000000000
 1542.500000 228 5.000000000
 1547.500000 229 5.000000000
 1552.500000 230 5.000000000
 1557.500000 231 5.000000000
 1562.500000 232 5.000000000
 1567.500000 233 5.000000000
 1572.500000 234 5.000000000
 1577.500000 235 5.000000000
 1582.500000 236 5.000000000
 1587.500000 237 5.000000000
 1592.500000 238 5.000000000
 1597.500000 239 5.000000000
 1602.500000 240 5.000000000
 1607.500000 241 5.000000000
 1612.500000 242 5.000000000
 1617.500000 243 5.000000000
 1622.500000 244 5.000000000
 1627.500000 245 5.000000000
 1632.500000 246 5.000000000
 1637.500000 247 5.000000000
 1642.500000 248 5.000000000
 1647.500000 249 5.000000000
 1652.500000 250 5.000000000
 1657.500000 251 5.000000000
 1662.500000 252 5.000000000
 1667.500000 253 5.000000000
 1672.500000 254 5.000000000
 1677.500000 255 5.000000000
 1682.500000 256 5.000000000
 1687.500000 257 5.000000000
 1692.500000 258 5.000000000
 1697.500000 259 5.000000000
 1702.500000 260 5.000000000
 1707.500000 261 5.000000000
 1712.500000 262 5.000000000
 1717.500000 263 5.000000000
 1722.500000 264 5.000000000
 1727.500000 265 5.000000000
 1732.500000 266 5.000000000
 1737.500000 267 5.000000000
 1742.500000 268 5.000000000
 1747.500000 269 5.000000000
 1752.500000 270 5.000000000
 1757.500000 271 5.000000000
 1762.500000 272 5.000000000
 1767.500000 273 5.000000000
 1772.500000 274 5.000000000
 1777.500000 275 5.000000000
 1782.500000 276 5.000000000
 1787.500000 277 5.000000000
 1792.500000 278 5.000000000
 1797.500000 279 5.000000000
 1802.500000 280 5.000000000
 1807.500000 281 5.000000000
 1812.500000 282 5.000000000
 1817.500000 283 5.000000000
 1822.500000 284 5.000000000
 1827.500000 285 5.000000000
 1832.500000 286 5.000000000
 1837.500000 287 5.000000000
 1842.500000 288 5.000000000
 1847.500000 289 5.000000000
 1852.500000 290 5.000000000
 1857.500000 291 5.000000000
 1862.500000 292 5.000000000
 1867.500000 293 5.000000000
 1872.500000 294 5.000000000
 1877.500000 295 5.000000000
 1882.500000 296 5.000000000
 1887.500000 297 5.000000000
 1892.500000 298 5.000000000
 1897.500000 299 5.000000000
 1902.500000 300 5.000000000
 1907.500000 301 5.000000000
 1912.500000 302 5.000000000
 1917.500000 303 5.000000000
 1922.500000 304 5.000000000
 1927.500000 305 5.000000000
 1932.500000 306 5.000000000
 1937.500000 307 5.000000000
 1942.500000 308 5.000000000
 1947.500000 309 5.000000000
 1952.500000 310 5.000000000
 1957.500000 311 5.000000000
 1962.500000 312 5.000000000
 1967.500000 313 5.000000000
 1972.500000 314 5.000000000
 1977.500000 315 5.000000000
 1982.500000 316 5.000000000
 1987.500000 317 5.000000000
 1992.500000 318 5.000000000
 1997.500000 319 5.000000000
 2002.500000 320 5.000000000
 2007.500000 321 5.000000000
 2012.500000 322 5.000000000
 2017.500000 323 5.000000000
 2022.500000 324 5.000000000
 2027.500000 325 5.000000000
 2032.500000 326 5.000000000
 2037.500000 327 5.000000000
 2042.500000 328 5.000000000
 2047.500000 329 5.000000000
 2052.500000 330 5.000000000
 2057.500000 331 5.000000000
 2062.500000 332 5.000000000
 2067.500000 333 5.000000000
 2072.500000 334 5.000000000
 2077.500000 335 5.000000000
 2082.500000 336 5.000000000
 2087.500000 337 5.000000000
 2092.500000 338 5.000000000
 2097.500000 339 5.000000000
 2102.500000 340 5.000000000
 2107.500000 341 5.000000000
 2112.500000 342 5.000000000
 2117.500000 343 5.000000000
 2122.500000 344 5.000000000
 2127.500000 345 5.000000000
 2132.500000 346 5.000000000
 2137.500000 347 5.000000000
 2142.500000 348 5.000000000
 2147.500000 349 5.000000000
 2152.500000 350 5.000000000
 2157.500000 351 5.000000000
 2162.500000 352 5.000000000
 2167.500000 353 5.000000000
 2172.500000 354 5.000000000
 2177.500000 355 5.000000000
 2182.500000 356 5.000000000
 2187.500000 357 5.000000000
 2192.500000 358 5.000000000
 2197.500000 359 5.000000000
 2202.500000 360 5.000000000
 2207.500000 361 5.000000000
 2212.500000 362 5.000000000
 2217.500000 363 5.000000000
 2222.500000 364 5.000000000
 2227.500000 365 5.000000000
 2232.500000 366 5.000000000
 2237.500000 367 5.000000000
 2242.500000 368 5.000000000
 2247.500000 369 5.000000000
 2252.500000 370 5.000000000
 2257.500000 371 5.000000000
 2262.500000 372 5.000000000
 2267.500000 373 5.000000000
 2272.500000 374 5.000000000
 2277.500000 375 5.000000000
 2282.500000 376 5.000000000
 2287.500000 377 5.000000000
 2292.500000 378 5.000000000
 2297.500000 379 5.000000000
 2302.500000 380 5.000000000
 2307.500000 381 5.000000000
 2312.500000 382 5.000000000
 2317.500000 383 5.000000000
 2322.500000 384 5.000000000
 2327.500000 385 5.000000000
 2332.500000 386 5.000000000
 2337.500000 387 5.000000000
 2342.500000 388 5.000000000
 2347.500000 389 5.000000000
 2352.500000 390 5.000000000
 2357.500000 391 5.000000000
 2362.500000 392 5.000000000
 2367.500000 393 5.000000000
 2372.500000 394 5.000000000
 2377.500000 395 5.000000000
 2382.500000 396 5.000000000
 2387.500000 397 5.000000000
 2392.500000 398 5.000000000
 2397.500000 399 5.000000000
 2402.500000 400 5.000000000
 2407.500000 401 5.000000000
 2412.500000 402 5.000000000
 2417.500000 403 5.000000000
 2422.500000 404 5.000000000
 2427.500000 405 5.000000000
 2432.500000 406 5.000000000
 2437.500000 407 5.000000000
 2442.500000 408 5.000000000
 2447.500000 409 5.000000000
 2452.500000 410 5.000000000
 2457.500000 411 5.000000000
 2462.500000 412 5.000000000
 2467.500000 413 5.000000000
 2472.500000 414 5.000000000
 2477.500000 415 5.000000000
 2482.500000 416 5.000000000
 2487.500000 417 5.000000000
 2492.500000 418 5.000000000
 2497.500000 419 5.000000000
 2502.763672 420 5.263671875
 2508.553955 421 5.790283203
 2514.894043 422 6.340087891
 2521.836670 423 6.942626953
 2529.438721 424 7.602050781
 2537.762939 425 8.324218750
 2546.877930 426 9.114990234
 2556.858887 427 9.980957031
 2567.788086 428 10.92919922
 2579.755615 429 11.96752930
 2592.860107 430 13.10449219
 2607.209473 431 14.34936523
 2622.921875 432 15.71240234
 2640.127197 433 17.20532227
 2658.966797 434 18.83959961
 2679.596436 435 20.62963867
 2702.185547 436 22.58911133
 2726.920898 437 24.73535156
 2754.005859 438 27.08496094
 2783.664062 439 29.65820312
 2816.139648 440 32.47558594
 2851.700439 441 35.56079102
 2890.639648 442 38.93920898
 2933.277832 443 42.63818359
 2979.966797 444 46.68896484
 3031.091309 445 51.12451172
 3087.072754 446 55.98144531
 3148.372070 447 61.29931641
 3215.495117 448 67.12304688
 3288.994873 449 73.49975586
 3369.477051 450 80.48217773
 3457.604980 451 88.12792969
 3554.105225 452 96.50024414
 3659.772949 453 105.6677246
 3775.479004 454 115.7060547
 3902.177002 455 126.6979980
 4040.911621 456 138.7346191
 4192.826172 457 151.9145508
 4359.171875 458 166.3457031
 4541.321289 459 182.1494141
 4740.774414 460 199.4531250
 4959.175293 461 218.4008789
 5198.324219 462 239.1489258
 5460.192871 463 261.8686523
 5746.938965 464 286.7460938
 6060.925781 465 313.9868164
 6404.741699 466 343.8159180
 6781.219727 467 376.4780273
 7193.463867 468 412.2441406
 7644.871094 469 451.4072266
 8139.161133 470 494.2900391
 8680.410156 471 541.2490234
 9273.076172 472 592.6660156
 9922.046875 473 648.9707031
 10632.66992 474 710.6230469
 11410.80078 475 778.1308594
 12262.85547 476 852.0546875
 13195.85449 477 932.9990234
 14217.48828 478 1021.633789
 15336.17773 479 1118.689453
 16561.14258 480 1224.964844
 17902.47852 481 1341.335938
 19371.24219 482 1468.763672
 20979.53906 483 1608.296875
 22740.62500 484 1761.085938
 24669.01172 485 1928.386719
 26780.59570 486 2111.583984
