 25.00000000 1 50.00000000
 75.00000000 2 50.00000000
 125.0000000 3 50.00000000
 175.0000000 4 50.00000000
 225.0000000 5 50.00000000
 275.0000000 6 50.00000000
 325.0000000 7 50.00000000
 375.0000000 8 50.00000000
 425.0000000 9 50.00000000
 475.0000000 10 50.00000000
 525.0000000 11 50.00000000
 575.0000000 12 50.00000000
 625.0000000 13 50.00000000
 675.0000000 14 50.00000000
 725.0000000 15 50.00000000
 775.0000000 16 50.00000000
 825.0000000 17 50.00000000
 875.0000000 18 50.00000000
 925.0000000 19 50.00000000
 975.0000000 20 50.00000000
 1025.000000 21 50.00000000
 1075.000000 22 50.00000000
 1125.000000 23 50.00000000
 1175.000000 24 50.00000000
 1225.000000 25 50.00000000
 1275.000000 26 50.00000000
 1325.000000 27 50.00000000
 1375.000000 28 50.00000000
 1425.000000 29 50.00000000
 1475.000000 30 50.00000000
 1525.000000 31 50.00000000
 1575.277832 32 50.27783203
 1626.114258 33 50.83642578
 1677.515503 34 51.40124512
 1729.487915 35 51.97241211
 1782.037842 36 52.54992676
 1835.171631 37 53.13378906
 1888.895752 38 53.72412109
 1943.216797 39 54.32104492
 1998.141479 40 54.92468262
 2053.676270 41 55.53479004
 2109.828125 42 56.15185547
 2166.604004 43 56.77587891
 2224.010742 44 57.40673828
 2282.055420 45 58.04467773
 2340.744873 46 58.68945312
 2400.086426 47 59.34155273
 2460.087402 48 60.00097656
 2520.755127 49 60.66772461
 2582.096924 50 61.34179688
 2644.120117 51 62.02319336
 2706.832520 52 62.71240234
 2770.241699 53 63.40917969
 2834.355469 54 64.11376953
 2899.181641 55 64.82617188
 2964.728027 56 65.54638672
 3031.002686 57 66.27465820
 3098.013916 58 67.01123047
 3165.769531 59 67.75561523
 3234.278076 60 68.50854492
 3303.547852 61 69.26977539
 3373.587158 62 70.03930664
 3444.404785 63 70.81762695
 3516.009277 64 71.60449219
 3588.409424 65 72.40014648
 3661.614014 66 73.20458984
 3735.631836 67 74.01782227
 3810.472168 68 74.84033203
 3886.144043 69 75.67187500
 3962.656738 70 76.51269531
 4040.019531 71 77.36279297
 4118.242188 72 78.22265625
 4197.333984 73 79.09179688
 4277.304199 74 79.97021484
 4358.163086 75 80.85888672
 4439.920410 76 81.75732422
 4522.586426 77 82.66601562
 4606.170898 78 83.58447266
 4690.684082 79 84.51318359
 4776.136230 80 85.45214844
 4862.537598 81 86.40136719
 4949.898926 82 87.36132812
 5038.230957 83 88.33203125
 5127.544434 84 89.31347656
 5217.850586 85 90.30615234
 5309.160156 86 91.30957031
 5401.484375 87 92.32421875
 5494.833984 88 93.34960938
 5589.221191 89 94.38720703
 5684.657227 90 95.43603516
 5781.153320 91 96.49609375
 5878.721680 92 97.56835938
 5977.374023 93 98.65234375
 6077.122559 94 99.74853516
 6177.122559 95 100.0000000
 6277.122559 96 100.0000000
 6377.122559 97 100.0000000
 6477.122559 98 100.0000000
 6577.122559 99 100.0000000
 6677.122559 100 100.0000000
 6777.122559 101 100.0000000
 6877.122559 102 100.0000000
 6977.122559 103 100.0000000
 7077.122559 104 100.0000000
 7177.122559 105 100.0000000
 7277.122559 106 100.0000000
 7377.122559 107 100.0000000
 7477.122559 108 100.0000000
 7577.122559 109 100.0000000
 7677.122559 110 100.0000000
 7777.122559 111 100.0000000
 7877.122559 112 100.0000000
 7977.122559 113 100.0000000
 8077.122559 114 100.0000000
 8177.122559 115 100.0000000
 8277.123047 116 100.0004883
 8377.123047 117 100.0000000
 8477.123047 118 100.0000000
 8577.123047 119 100.0000000
 8677.123047 120 100.0000000
 8777.123047 121 100.0000000
 8877.123047 122 100.0000000
 8977.123047 123 100.0000000
 9077.123047 124 100.0000000
 9177.123047 125 100.0000000
 9277.123047 126 100.0000000
 9377.123047 127 100.0000000
 9477.123047 128 100.0000000
 9577.123047 129 100.0000000
 9677.123047 130 100.0000000
 9777.123047 131 100.0000000
 9877.123047 132 100.0000000
 9977.123047 133 100.0000000
 10077.12305 134 100.0000000
 10177.12305 135 100.0000000
 10277.12305 136 100.0000000
 10377.12305 137 100.0000000
 10477.12305 138 100.0000000
 10577.12305 139 100.0000000
 10677.12305 140 100.0000000
 10777.12305 141 100.0000000
 10877.12305 142 100.0000000
 10977.12305 143 100.0000000
 11077.12305 144 100.0000000
 11177.12305 145 100.0000000
 11277.12305 146 100.0000000
 11377.12305 147 100.0000000
 11477.12305 148 100.0000000
 11577.12305 149 100.0000000
 11677.12305 150 100.0000000
 11777.12305 151 100.0000000
 11877.12305 152 100.0000000
 11977.12305 153 100.0000000
 12077.12305 154 100.0000000
 12177.12305 155 100.0000000
 12277.12305 156 100.0000000
 12377.12305 157 100.0000000
 12477.12305 158 100.0000000
 12577.12305 159 100.0000000
 12677.12305 160 100.0000000
 12777.12305 161 100.0000000
 12877.12305 162 100.0000000
 12977.12305 163 100.0000000
 13077.12305 164 100.0000000
 13177.12305 165 100.0000000
 13277.12305 166 100.0000000
 13377.12305 167 100.0000000
 13477.12305 168 100.0000000
 13577.12305 169 100.0000000
 13677.12305 170 100.0000000
 13777.12305 171 100.0000000
 13877.12305 172 100.0000000
 13977.12305 173 100.0000000
 14077.12305 174 100.0000000
 14177.12305 175 100.0000000
 14277.12305 176 100.0000000
 14377.12305 177 100.0000000
 14477.12305 178 100.0000000
 14577.12305 179 100.0000000
 14677.12305 180 100.0000000
 14777.12305 181 100.0000000
 14877.12305 182 100.0000000
 14977.12305 183 100.0000000
 15077.12305 184 100.0000000
 15177.12305 185 100.0000000
 15277.12305 186 100.0000000
 15377.12305 187 100.0000000
 15477.12305 188 100.0000000
 15577.12305 189 100.0000000
 15677.12305 190 100.0000000
 15777.12305 191 100.0000000
 15877.12305 192 100.0000000
 15977.12305 193 100.0000000
 16077.12305 194 100.0000000
 16177.12305 195 100.0000000
 16277.12305 196 100.0000000
 16377.12305 197 100.0000000
 16477.12305 198 100.0000000
 16577.12305 199 100.0000000
 16677.12305 200 100.0000000
 16777.12305 201 100.0000000
 16877.12305 202 100.0000000
 16977.12305 203 100.0000000
 17077.12305 204 100.0000000
 17177.12305 205 100.0000000
 17277.12305 206 100.0000000
 17377.12305 207 100.0000000
 17477.12305 208 100.0000000
 17577.12305 209 100.0000000
 17677.12305 210 100.0000000
 17777.12305 211 100.0000000
 17877.12305 212 100.0000000
 17977.12305 213 100.0000000
 18077.12305 214 100.0000000
 18177.12305 215 100.0000000
 18277.12305 216 100.0000000
 18377.12305 217 100.0000000
 18477.12305 218 100.0000000
 18577.12305 219 100.0000000
 18677.12305 220 100.0000000
 18777.12305 221 100.0000000
 18877.12305 222 100.0000000
 18977.12305 223 100.0000000
 19077.12305 224 100.0000000
 19177.12305 225 100.0000000
 19277.12305 226 100.0000000
 19377.12305 227 100.0000000
 19477.12305 228 100.0000000
 19577.12305 229 100.0000000
 19677.12305 230 100.0000000
 19777.12305 231 100.0000000
 19877.12305 232 100.0000000
 19977.12305 233 100.0000000
 20077.12305 234 100.0000000
 20177.12305 235 100.0000000
 20277.12305 236 100.0000000
 20377.12305 237 100.0000000
 20477.12305 238 100.0000000
 20577.12305 239 100.0000000
 20677.12305 240 100.0000000
 20777.12305 241 100.0000000
 20877.12305 242 100.0000000
 20977.12305 243 100.0000000
 21077.12305 244 100.0000000
 21177.12305 245 100.0000000
 21277.12305 246 100.0000000
 21377.12305 247 100.0000000
 21477.12305 248 100.0000000
 21577.12305 249 100.0000000
 21677.12305 250 100.0000000
 21777.12305 251 100.0000000
 21877.12305 252 100.0000000
 21977.12305 253 100.0000000
 22077.12305 254 100.0000000
 22177.12305 255 100.0000000
 22277.12305 256 100.0000000
 22377.12305 257 100.0000000
 22477.12305 258 100.0000000
 22577.12305 259 100.0000000
 22677.12305 260 100.0000000
 22777.12305 261 100.0000000
 22877.12305 262 100.0000000
 22977.12305 263 100.0000000
 23077.12305 264 100.0000000
 23177.12305 265 100.0000000
 23277.12305 266 100.0000000
 23377.12305 267 100.0000000
 23477.12305 268 100.0000000
 23577.12305 269 100.0000000
 23677.12305 270 100.0000000
 23777.12305 271 100.0000000
 23877.12305 272 100.0000000
 23977.12305 273 100.0000000
 24077.12305 274 100.0000000
 24177.12305 275 100.0000000
 24277.12305 276 100.0000000
 24377.12305 277 100.0000000
 24477.12305 278 100.0000000
 24577.12305 279 100.0000000
 24677.12305 280 100.0000000
 24777.12305 281 100.0000000
 24877.12305 282 100.0000000
 24977.12305 283 100.0000000
 25077.12305 284 100.0000000
 25177.12305 285 100.0000000
 25277.12305 286 100.0000000
 25377.12305 287 100.0000000
 25477.12305 288 100.0000000
 25577.12305 289 100.0000000
 25677.12305 290 100.0000000
 25777.12305 291 100.0000000
 25877.12305 292 100.0000000
 25977.12305 293 100.0000000
 26077.12305 294 100.0000000
 26177.12305 295 100.0000000
 26277.12305 296 100.0000000
 26377.12305 297 100.0000000
 26477.12305 298 100.0000000
 26577.12305 299 100.0000000
 26677.12305 300 100.0000000
 26777.12305 301 100.0000000
 26877.12305 302 100.0000000
 26977.12305 303 100.0000000
 27077.12305 304 100.0000000
 27177.12305 305 100.0000000
 27277.12305 306 100.0000000
 27377.12305 307 100.0000000
 27477.12305 308 100.0000000
 27577.12305 309 100.0000000
 27677.12305 310 100.0000000
 27777.12305 311 100.0000000
 27877.12305 312 100.0000000
 27977.12305 313 100.0000000
 28077.12305 314 100.0000000
 28177.12305 315 100.0000000
 28277.12305 316 100.0000000
 28377.12305 317 100.0000000
 28477.12305 318 100.0000000
 28577.12305 319 100.0000000
 28677.12305 320 100.0000000
 28777.12305 321 100.0000000
 28877.12305 322 100.0000000
 28977.12305 323 100.0000000
 29077.12305 324 100.0000000
 29177.12305 325 100.0000000
 29277.12305 326 100.0000000
 29377.12305 327 100.0000000
 29477.12305 328 100.0000000
 29577.12305 329 100.0000000
 29677.12305 330 100.0000000
 29777.12305 331 100.0000000
 29877.12305 332 100.0000000
 29977.12305 333 100.0000000
