 25.00000000 1 50.00000000
 75.00000000 2 50.00000000
 127.8480988 3 52.84809875
 186.7168732 4 58.86877441
 252.2922058 5 65.57533264
 325.3381653 6 73.04595947
 406.7058105 7 81.36764526
 497.3431702 8 90.63735962
 598.3062744 9 100.9631042
 710.7715454 10 112.4652710
 836.0493164 11 125.2777710
 975.5992432 12 139.5499268
 1131.047241 13 155.4479980
 1304.204468 14 173.1572266
 1497.088501 15 192.8840332
 1711.946655 16 214.8581543
 1951.282349 17 239.3356934
 2217.884033 18 266.6016846
 2514.858154 19 296.9741211
 2845.664795 20 330.8066406
 3214.158203 21 368.4934082
 3624.631836 22 410.4736328
 4081.868408 23 457.2365723
 4581.868164 24 499.9997559
 5081.868164 25 500.0000000
 5581.868164 26 500.0000000
 6081.868164 27 500.0000000
 6581.868164 28 500.0000000
 7081.868164 29 500.0000000
 7581.868164 30 500.0000000
 8081.868164 31 500.0000000
 8581.868164 32 500.0000000
 9081.868164 33 500.0000000
 9581.868164 34 500.0000000
 10081.86816 35 500.0000000
 10581.86816 36 500.0000000
 11081.86816 37 500.0000000
 11581.86816 38 500.0000000
 12081.86816 39 500.0000000
 12581.86816 40 500.0000000
 13081.86816 41 500.0000000
 13581.86816 42 500.0000000
 14081.86816 43 500.0000000
 14581.86816 44 500.0000000
 15081.86816 45 500.0000000
 15581.86816 46 500.0000000
 16081.86816 47 500.0000000
 16581.86719 48 499.9990234
 17081.86719 49 500.0000000
 17581.86719 50 500.0000000
 18081.86719 51 500.0000000
 18581.86719 52 500.0000000
 19081.86719 53 500.0000000
 19581.86719 54 500.0000000
 20081.86719 55 500.0000000
 20590.05469 56 508.1875000
 21149.06055 57 559.0058594
 21763.96680 58 614.9062500
 22440.36328 59 676.3964844
 23184.40039 60 744.0371094
 24002.83984 61 818.4394531
 24903.12305 62 900.2832031
 25893.43555 63 990.3125000
 26982.77930 64 1089.343750

