 z[m] p[mb]  tls[K/s] qls[kg/kg/s] uls  vls  wls[m/s]
 0.,  6   1015. day, nlevels, pres0
0.	-999. -2.315e-05  -1.2e-08	-10.00	0.	0.
300.	-999. -2.315e-05  -1.2e-08	-9.46	0.	-0.0013
500.	-999. -2.315e-05  0.		-9.10	0.	-0.0021
1500.	-999. -2.315e-05  0.		-7.31	0.	-0.0065
2100.   -999. -1.389e-05  0.            -6.23   0.      0.     
2500.   -999. 0.          0.            -5.51   0.      0.  
 1000.,  6   1015. day, nlevels, pres0
0.	-999. -2.315e-05  -1.2e-08	-10.00	0.	0.
300.	-999. -2.315e-05  -1.2e-08	-9.46	0.	-0.0013
500.	-999. -2.315e-05  0.		-9.10	0.	-0.0021
1500.	-999. -2.315e-05  0.		-7.31	0.	-0.0065
2100.   -999. -1.389e-05  0.            -6.23   0.      0.     
2500.   -999. 0.          0.            -5.51   0.      0.  

