 z[m] p[mb] tp[K] q[g/kg] u[m/s] v[m/s]
 0.,  6, 1015.  day,levels,pres0
0.	-999.   298.70	17.00	-8.75	0.0
520.	-999.   298.70	16.30	-8.75	0.0
700.	-999.   299.39	14.98	-8.75	0.0
1480.	-999.   302.40	10.70	-7.34	0.0
2000.	-999.   308.20	 4.20	-6.41	0.0
4000.	-999.   315.50	 1.80	-2.81	0.0
 1000.,  6, 1015.  day,levels,pres0
0.	-999.   298.70	17.00	-8.75	0.0
520.	-999.   298.70	16.30	-8.75	0.0
700.	-999.   299.39	14.98	-8.75	0.0
1480.	-999.   302.40	10.70	-7.34	0.0
2000.	-999.   308.20	 4.20	-6.41	0.0
4000.	-999.   315.50	 1.80	-2.81	0.0
