z[m] p[mb] tp[K] q[g/kg] u[m/s] v[m/s]
 0.,  46, 1015.40  day,levels,pres0
0	-999	297.90	16	-9.90	-3.8
100	-999	297.90	15.70	-9.70	-3.8
200	-999	297.90	15.41	-9.50	-3.8
300	-999	297.90	15.12	-9.30	-3.8
400	-999	297.90	14.81	-9.10	-3.8
500	-999	297.90	14.51	-8.90	-3.8
600	-999	297.90	14.22	-8.70	-3.8
700	-999	297.90	13.92	-8.50	-3.8
800	-999	298.25	13.58	-8.30	-3.8
900	-999	298.84	13.20	-8.10	-3.8
1000	-999	299.42	12.83	-7.90	-3.8
1100	-999	300.01	12.46	-7.70	-3.8
1200	-999	300.60	12.08	-7.50	-3.8
1300	-999	301.18	11.71	-7.30	-3.8
1400	-999	301.77	11.34	-7.10	-3.8
1500	-999	302.35	10.97	-6.90	-3.8
1600	-999	302.94	10.59	-6.70	-3.8
1700	-999	303.52	10.22	-6.50	-3.8
1800	-999	304.11	9.85	-6.30	-3.8
1900	-999	304.70	9.47	-6.10	-3.8
2000	-999	305.28	9.10	-5.90	-3.8
2100	-999	305.87	8.73	-5.70	-3.8
2200	-999	306.45	8.35	-5.50	-3.8
2300	-999	307.04	7.98	-5.30	-3.8
2400	-999	307.63	7.61	-5.10	-3.8
2500	-999	308.21	7.23	-4.90	-3.8
2600	-999	308.80	6.86	-4.70	-3.8
2700	-999	309.38	6.49	-4.50	-3.8
2800	-999	309.97	6.12	-4.30	-3.8
2900	-999	310.56	5.74	-4.10	-3.8
3000	-999	311.14	5.37	-3.90	-3.8
3100	-999	311.73	4.50	-3.70	-3.8
3200	-999	312.31	4.62	-3.50	-3.8
3300	-999	312.90	4.36	-3.30	-3.8
3400	-999	313.48	4.25	-3.10	-3.8
3500	-999	314.07	4.14	-2.90	-3.8
3600	-999	314.66	4.03	-2.70	-3.8
3700	-999	315.24	3.92	-2.50	-3.8
3800	-999	315.83	3.82	-2.30	-3.8
3900	-999	316.41	3.71	-2.10	-3.8
4000	-999	317	3.60	-1.90	-3.8
4100	-999	317.59	3.49	-1.70	-3.8
4200	-999	318.17	3.38	-1.50	-3.8
4300	-999	318.76	3.28	-1.30	-3.8
4400	-999	319.34	3.17	-1.10	-3.8
4500	-999	319.93	3.06	-0.90	-3.8
 100.,  46, 1015.40  day,levels,pres0
0	-999	297.90	16	-9.90	-3.8
100	-999	297.90	15.70	-9.70	-3.8
200	-999	297.90	15.41	-9.50	-3.8
300	-999	297.90	15.12	-9.30	-3.8
400	-999	297.90	14.81	-9.10	-3.8
500	-999	297.90	14.51	-8.90	-3.8
600	-999	297.90	14.22	-8.70	-3.8
700	-999	297.90	13.92	-8.50	-3.8
800	-999	298.25	13.58	-8.30	-3.8
900	-999	298.84	13.20	-8.10	-3.8
1000	-999	299.42	12.83	-7.90	-3.8
1100	-999	300.01	12.46	-7.70	-3.8
1200	-999	300.60	12.08	-7.50	-3.8
1300	-999	301.18	11.71	-7.30	-3.8
1400	-999	301.77	11.34	-7.10	-3.8
1500	-999	302.35	10.97	-6.90	-3.8
1600	-999	302.94	10.59	-6.70	-3.8
1700	-999	303.52	10.22	-6.50	-3.8
1800	-999	304.11	9.85	-6.30	-3.8
1900	-999	304.70	9.47	-6.10	-3.8
2000	-999	305.28	9.10	-5.90	-3.8
2100	-999	305.87	8.73	-5.70	-3.8
2200	-999	306.45	8.35	-5.50	-3.8
2300	-999	307.04	7.98	-5.30	-3.8
2400	-999	307.63	7.61	-5.10	-3.8
2500	-999	308.21	7.23	-4.90	-3.8
2600	-999	308.80	6.86	-4.70	-3.8
2700	-999	309.38	6.49	-4.50	-3.8
2800	-999	309.97	6.12	-4.30	-3.8
2900	-999	310.56	5.74	-4.10	-3.8
3000	-999	311.14	5.37	-3.90	-3.8
3100	-999	311.73	4.50	-3.70	-3.8
3200	-999	312.31	4.62	-3.50	-3.8
3300	-999	312.90	4.36	-3.30	-3.8
3400	-999	313.48	4.25	-3.10	-3.8
3500	-999	314.07	4.14	-2.90	-3.8
3600	-999	314.66	4.03	-2.70	-3.8
3700	-999	315.24	3.92	-2.50	-3.8
3800	-999	315.83	3.82	-2.30	-3.8
3900	-999	316.41	3.71	-2.10	-3.8
4000	-999	317	3.60	-1.90	-3.8
4100	-999	317.59	3.49	-1.70	-3.8
4200	-999	318.17	3.38	-1.50	-3.8
4300	-999	318.76	3.28	-1.30	-3.8
4400	-999	319.34	3.17	-1.10	-3.8
4500	-999	319.93	3.06	-0.90	-3.8

