     12.50
     37.50
     62.50
     87.50
    112.50
    137.50
    162.50
    187.50
    212.50
    237.50
    262.50
    287.50
    312.50
    337.50
    362.50
    387.50
    412.50
    437.50
    462.50
    487.50
    512.50
    537.50
    562.50
    587.50
    612.50
    637.50
    662.50
    687.50
    712.50
    737.50
    762.50
    787.50
    812.50
    837.50
    862.50
    887.50
    912.50
    937.50
    962.50
    987.50
   1012.50
   1037.50
   1062.50
   1087.50
   1112.50
   1137.50
   1162.50
   1187.50
   1212.50
   1237.50
   1262.50
   1287.50
   1312.50
   1337.50
   1362.50
   1387.50
   1412.50
   1437.50
   1462.50
   1487.50
   1512.50
   1537.50
   1562.50
   1587.50
   1612.50
   1637.50
   1662.50
   1687.50
   1712.50
   1737.50
   1762.50
   1787.50
   1812.50
   1837.50
   1862.50
   1887.50
   1912.50
   1937.50
   1962.50
   1987.50
   2012.50
   2037.50
   2062.50
   2087.50
   2112.50
   2137.50
   2162.50
   2187.50
   2212.50
   2237.50
   2262.50
   2287.50
   2312.50
   2337.50
   2362.50
   2387.50
   2412.50
   2437.50
   2462.50
   2487.50
   2512.50
   2537.50
   2562.50
   2587.50
   2612.50
   2637.50
   2662.50
   2687.50
   2712.50
   2737.50
   2762.50
   2787.50
   2812.50
   2837.50
   2862.50
   2887.50
   2912.50
   2937.50
   2962.50
   2987.50
   3013.00
   3039.01
   3065.54
   3092.60
   3120.20
   3148.36
   3177.07
   3206.37
   3236.24
   3266.72
   3297.80
   3329.51
   3361.85
   3394.84
   3428.48
   3462.80
   3497.81
   3533.51
   3569.93
   3607.08
   3644.97
   3683.62
   3723.05
   3763.26
   3804.27
   3846.11
   3888.78
   3932.31
   3976.70
   4021.99
   4068.18
   4115.29
   4163.34
   4212.36
   4262.36
   4313.36
   4365.37
   4418.43
   4472.55
   4527.75
   4584.06
   4641.49
   4700.07
   4759.82
   4820.76
   4882.93
   4946.34
