     50.00
    150.00
    250.00
    350.00
    450.00
    550.00
    650.00
    750.00
    850.00
    950.00
   1050.00
   1150.00
   1250.00
   1350.00
   1450.00
   1550.00
   1650.00
   1750.00
   1850.00
   1950.00
   2050.00
   2150.00
   2250.00
   2350.00
   2450.00
   2550.00
   2650.00
   2750.00
   2850.00
   2950.00
   3052.00
   3156.04
   3262.16
   3370.40
   3480.81
   3593.43
   3708.30
   3825.46
   3944.97
   4066.87
   4191.21
   4318.03
   4447.39
   4579.34
   4713.93
   4851.21
   4991.23
