 z[m] p[mb]  tls[K/s] qls[kg/kg/s] uls  vls  wls[m/s]                           
 31.000000,   38,   1009.     day,levels,pres0
      2.50     -999.   0.   0.    0.00  -15.01    0.0000
     13.33     -999.   0.   0.    0.00  -15.03   -0.0001
     33.33     -999.   0.   0.    0.00  -15.08   -0.0003
     60.00     -999.   0.   0.    0.00  -15.14   -0.0007
     93.33     -999.   0.   0.    0.00  -15.22   -0.0012
    133.33     -999.   0.   0.    0.00  -15.32   -0.0018
    180.00     -999.   0.   0.    0.00  -15.43   -0.0026
    233.33     -999.   0.   0.    0.00  -15.56   -0.0034
    293.33     -999.   0.   0.    0.00  -15.70   -0.0044
    360.00     -999.   0.   0.    0.00  -15.86   -0.0055
    433.33     -999.   0.   0.    0.00  -16.04   -0.0066
    513.33     -999.   0.   0.    0.00  -16.23   -0.0079
    600.00     -999.   0.   0.    0.00  -16.44   -0.0091
    693.33     -999.   0.   0.    0.00  -16.66   -0.0105
    793.33     -999.   0.   0.    0.00  -16.90   -0.0118
    900.00     -999.   0.   0.    0.00  -17.16   -0.0131
   1013.33     -999.   0.   0.    0.00  -17.43   -0.0143
   1133.33     -999.   0.   0.    0.00  -17.72   -0.0154
   1260.00     -999.   0.   0.    0.00  -18.02   -0.0163
   1393.33     -999.   0.   0.    0.00  -18.34   -0.0169
   1533.33     -999.   0.   0.    0.00  -18.68   -0.0174
   1680.00     -999.   0.   0.    0.00  -19.03   -0.0182
   1833.33     -999.   0.   0.    0.00  -19.40   -0.0181
   1993.33     -999.   0.   0.    0.00  -19.78   -0.0206
   2160.00     -999.   0.   0.    0.00  -20.18   -0.0227
   2333.33     -999.   0.   0.    0.00  -20.60   -0.0251
   2513.33     -999.   0.   0.    0.00  -21.03   -0.0276
   2700.00     -999.   0.   0.    0.00  -21.48   -0.0302
   2893.33     -999.   0.   0.    0.00  -21.94   -0.0326
   3093.33     -999.   0.   0.    0.00  -22.42   -0.0348
   3300.00     -999.   0.   0.    0.00  -22.92   -0.0366
   3513.33     -999.   0.   0.    0.00  -23.43   -0.0382
   3733.33     -999.   0.   0.    0.00  -23.96   -0.0393
   3960.00     -999.   0.   0.    0.00  -24.50   -0.0393
   4193.33     -999.   0.   0.    0.00  -25.06   -0.0379
   4433.33     -999.   0.   0.    0.00  -25.64   -0.0351
   4680.00     -999.   0.   0.    0.00  -26.23   -0.0317
   4933.33     -999.   0.   0.    0.00  -26.84   -0.0282
 31.041666,   38,   1009.     day,levels,pres0
      2.50     -999.   0.   0.    0.00  -15.01    0.0000
     13.33     -999.   0.   0.    0.00  -15.03   -0.0001
     33.33     -999.   0.   0.    0.00  -15.08   -0.0003
     60.00     -999.   0.   0.    0.00  -15.14   -0.0007
     93.33     -999.   0.   0.    0.00  -15.22   -0.0012
    133.33     -999.   0.   0.    0.00  -15.32   -0.0018
    180.00     -999.   0.   0.    0.00  -15.43   -0.0026
    233.33     -999.   0.   0.    0.00  -15.56   -0.0034
    293.33     -999.   0.   0.    0.00  -15.70   -0.0044
    360.00     -999.   0.   0.    0.00  -15.86   -0.0055
    433.33     -999.   0.   0.    0.00  -16.04   -0.0066
    513.33     -999.   0.   0.    0.00  -16.23   -0.0079
    600.00     -999.   0.   0.    0.00  -16.44   -0.0091
    693.33     -999.   0.   0.    0.00  -16.66   -0.0105
    793.33     -999.   0.   0.    0.00  -16.90   -0.0118
    900.00     -999.   0.   0.    0.00  -17.16   -0.0131
   1013.33     -999.   0.   0.    0.00  -17.43   -0.0143
   1133.33     -999.   0.   0.    0.00  -17.72   -0.0154
   1260.00     -999.   0.   0.    0.00  -18.02   -0.0163
   1393.33     -999.   0.   0.    0.00  -18.34   -0.0169
   1533.33     -999.   0.   0.    0.00  -18.68   -0.0174
   1680.00     -999.   0.   0.    0.00  -19.03   -0.0182
   1833.33     -999.   0.   0.    0.00  -19.40   -0.0181
   1993.33     -999.   0.   0.    0.00  -19.78   -0.0206
   2160.00     -999.   0.   0.    0.00  -20.18   -0.0227
   2333.33     -999.   0.   0.    0.00  -20.60   -0.0251
   2513.33     -999.   0.   0.    0.00  -21.03   -0.0276
   2700.00     -999.   0.   0.    0.00  -21.48   -0.0302
   2893.33     -999.   0.   0.    0.00  -21.94   -0.0326
   3093.33     -999.   0.   0.    0.00  -22.42   -0.0348
   3300.00     -999.   0.   0.    0.00  -22.92   -0.0366
   3513.33     -999.   0.   0.    0.00  -23.43   -0.0382
   3733.33     -999.   0.   0.    0.00  -23.96   -0.0393
   3960.00     -999.   0.   0.    0.00  -24.50   -0.0393
   4193.33     -999.   0.   0.    0.00  -25.06   -0.0379
   4433.33     -999.   0.   0.    0.00  -25.64   -0.0351
   4680.00     -999.   0.   0.    0.00  -26.23   -0.0317
   4933.33     -999.   0.   0.    0.00  -26.84   -0.0282
 31.083334,   38,   1009.     day,levels,pres0
      2.50     -999.   0.   0.    0.00  -15.01    0.0000
     13.33     -999.   0.   0.    0.00  -15.03   -0.0001
     33.33     -999.   0.   0.    0.00  -15.08   -0.0003
     60.00     -999.   0.   0.    0.00  -15.14   -0.0007
     93.33     -999.   0.   0.    0.00  -15.22   -0.0012
    133.33     -999.   0.   0.    0.00  -15.32   -0.0018
    180.00     -999.   0.   0.    0.00  -15.43   -0.0025
    233.33     -999.   0.   0.    0.00  -15.56   -0.0033
    293.33     -999.   0.   0.    0.00  -15.70   -0.0042
    360.00     -999.   0.   0.    0.00  -15.86   -0.0051
    433.33     -999.   0.   0.    0.00  -16.04   -0.0062
    513.33     -999.   0.   0.    0.00  -16.23   -0.0072
    600.00     -999.   0.   0.    0.00  -16.44   -0.0083
    693.33     -999.   0.   0.    0.00  -16.66   -0.0094
    793.33     -999.   0.   0.    0.00  -16.90   -0.0105
    900.00     -999.   0.   0.    0.00  -17.16   -0.0115
   1013.33     -999.   0.   0.    0.00  -17.43   -0.0124
   1133.33     -999.   0.   0.    0.00  -17.72   -0.0132
   1260.00     -999.   0.   0.    0.00  -18.02   -0.0137
   1393.33     -999.   0.   0.    0.00  -18.34   -0.0140
   1533.33     -999.   0.   0.    0.00  -18.68   -0.0142
   1680.00     -999.   0.   0.    0.00  -19.03   -0.0145
   1833.33     -999.   0.   0.    0.00  -19.40   -0.0138
   1993.33     -999.   0.   0.    0.00  -19.78   -0.0134
   2160.00     -999.   0.   0.    0.00  -20.18   -0.0159
   2333.33     -999.   0.   0.    0.00  -20.60   -0.0186
   2513.33     -999.   0.   0.    0.00  -21.03   -0.0207
   2700.00     -999.   0.   0.    0.00  -21.48   -0.0224
   2893.33     -999.   0.   0.    0.00  -21.94   -0.0234
   3093.33     -999.   0.   0.    0.00  -22.42   -0.0238
   3300.00     -999.   0.   0.    0.00  -22.92   -0.0239
   3513.33     -999.   0.   0.    0.00  -23.43   -0.0237
   3733.33     -999.   0.   0.    0.00  -23.96   -0.0231
   3960.00     -999.   0.   0.    0.00  -24.50   -0.0217
   4193.33     -999.   0.   0.    0.00  -25.06   -0.0192
   4433.33     -999.   0.   0.    0.00  -25.64   -0.0158
   4680.00     -999.   0.   0.    0.00  -26.23   -0.0122
   4933.33     -999.   0.   0.    0.00  -26.84   -0.0087
 31.125000,   38,   1009.     day,levels,pres0
      2.50     -999.   0.   0.    0.00  -15.01    0.0000
     13.33     -999.   0.   0.    0.00  -15.03   -0.0001
     33.33     -999.   0.   0.    0.00  -15.08   -0.0003
     60.00     -999.   0.   0.    0.00  -15.14   -0.0007
     93.33     -999.   0.   0.    0.00  -15.22   -0.0012
    133.33     -999.   0.   0.    0.00  -15.32   -0.0018
    180.00     -999.   0.   0.    0.00  -15.43   -0.0024
    233.33     -999.   0.   0.    0.00  -15.56   -0.0032
    293.33     -999.   0.   0.    0.00  -15.70   -0.0041
    360.00     -999.   0.   0.    0.00  -15.86   -0.0050
    433.33     -999.   0.   0.    0.00  -16.04   -0.0060
    513.33     -999.   0.   0.    0.00  -16.23   -0.0070
    600.00     -999.   0.   0.    0.00  -16.44   -0.0080
    693.33     -999.   0.   0.    0.00  -16.66   -0.0090
    793.33     -999.   0.   0.    0.00  -16.90   -0.0100
    900.00     -999.   0.   0.    0.00  -17.16   -0.0109
   1013.33     -999.   0.   0.    0.00  -17.43   -0.0118
   1133.33     -999.   0.   0.    0.00  -17.72   -0.0124
   1260.00     -999.   0.   0.    0.00  -18.02   -0.0129
   1393.33     -999.   0.   0.    0.00  -18.34   -0.0132
   1533.33     -999.   0.   0.    0.00  -18.68   -0.0131
   1680.00     -999.   0.   0.    0.00  -19.03   -0.0129
   1833.33     -999.   0.   0.    0.00  -19.40   -0.0127
   1993.33     -999.   0.   0.    0.00  -19.78   -0.0104
   2160.00     -999.   0.   0.    0.00  -20.18   -0.0097
   2333.33     -999.   0.   0.    0.00  -20.60   -0.0122
   2513.33     -999.   0.   0.    0.00  -21.03   -0.0142
   2700.00     -999.   0.   0.    0.00  -21.48   -0.0156
   2893.33     -999.   0.   0.    0.00  -21.94   -0.0163
   3093.33     -999.   0.   0.    0.00  -22.42   -0.0168
   3300.00     -999.   0.   0.    0.00  -22.92   -0.0172
   3513.33     -999.   0.   0.    0.00  -23.43   -0.0175
   3733.33     -999.   0.   0.    0.00  -23.96   -0.0176
   3960.00     -999.   0.   0.    0.00  -24.50   -0.0171
   4193.33     -999.   0.   0.    0.00  -25.06   -0.0161
   4433.33     -999.   0.   0.    0.00  -25.64   -0.0148
   4680.00     -999.   0.   0.    0.00  -26.23   -0.0137
   4933.33     -999.   0.   0.    0.00  -26.84   -0.0127
 31.166666,   38,   1009.     day,levels,pres0
      2.50     -999.   0.   0.    0.00  -15.01    0.0000
     13.33     -999.   0.   0.    0.00  -15.03   -0.0001
     33.33     -999.   0.   0.    0.00  -15.08   -0.0003
     60.00     -999.   0.   0.    0.00  -15.14   -0.0006
     93.33     -999.   0.   0.    0.00  -15.22   -0.0011
    133.33     -999.   0.   0.    0.00  -15.32   -0.0016
    180.00     -999.   0.   0.    0.00  -15.43   -0.0023
    233.33     -999.   0.   0.    0.00  -15.56   -0.0030
    293.33     -999.   0.   0.    0.00  -15.70   -0.0039
    360.00     -999.   0.   0.    0.00  -15.86   -0.0048
    433.33     -999.   0.   0.    0.00  -16.04   -0.0057
    513.33     -999.   0.   0.    0.00  -16.23   -0.0067
    600.00     -999.   0.   0.    0.00  -16.44   -0.0077
    693.33     -999.   0.   0.    0.00  -16.66   -0.0088
    793.33     -999.   0.   0.    0.00  -16.90   -0.0098
    900.00     -999.   0.   0.    0.00  -17.16   -0.0107
   1013.33     -999.   0.   0.    0.00  -17.43   -0.0116
   1133.33     -999.   0.   0.    0.00  -17.72   -0.0123
   1260.00     -999.   0.   0.    0.00  -18.02   -0.0128
   1393.33     -999.   0.   0.    0.00  -18.34   -0.0130
   1533.33     -999.   0.   0.    0.00  -18.68   -0.0128
   1680.00     -999.   0.   0.    0.00  -19.03   -0.0121
   1833.33     -999.   0.   0.    0.00  -19.40   -0.0110
   1993.33     -999.   0.   0.    0.00  -19.78   -0.0097
   2160.00     -999.   0.   0.    0.00  -20.18   -0.0071
   2333.33     -999.   0.   0.    0.00  -20.60   -0.0074
   2513.33     -999.   0.   0.    0.00  -21.03   -0.0105
   2700.00     -999.   0.   0.    0.00  -21.48   -0.0127
   2893.33     -999.   0.   0.    0.00  -21.94   -0.0143
   3093.33     -999.   0.   0.    0.00  -22.42   -0.0158
   3300.00     -999.   0.   0.    0.00  -22.92   -0.0172
   3513.33     -999.   0.   0.    0.00  -23.43   -0.0185
   3733.33     -999.   0.   0.    0.00  -23.96   -0.0196
   3960.00     -999.   0.   0.    0.00  -24.50   -0.0204
   4193.33     -999.   0.   0.    0.00  -25.06   -0.0211
   4433.33     -999.   0.   0.    0.00  -25.64   -0.0218
   4680.00     -999.   0.   0.    0.00  -26.23   -0.0227
   4933.33     -999.   0.   0.    0.00  -26.84   -0.0236
 31.208334,   38,   1009.     day,levels,pres0
      2.50     -999.   0.   0.    0.00  -15.01    0.0000
     13.33     -999.   0.   0.    0.00  -15.03   -0.0001
     33.33     -999.   0.   0.    0.00  -15.08   -0.0003
     60.00     -999.   0.   0.    0.00  -15.14   -0.0005
     93.33     -999.   0.   0.    0.00  -15.22   -0.0009
    133.33     -999.   0.   0.    0.00  -15.32   -0.0014
    180.00     -999.   0.   0.    0.00  -15.43   -0.0020
    233.33     -999.   0.   0.    0.00  -15.56   -0.0026
    293.33     -999.   0.   0.    0.00  -15.70   -0.0033
    360.00     -999.   0.   0.    0.00  -15.86   -0.0041
    433.33     -999.   0.   0.    0.00  -16.04   -0.0049
    513.33     -999.   0.   0.    0.00  -16.23   -0.0058
    600.00     -999.   0.   0.    0.00  -16.44   -0.0067
    693.33     -999.   0.   0.    0.00  -16.66   -0.0076
    793.33     -999.   0.   0.    0.00  -16.90   -0.0085
    900.00     -999.   0.   0.    0.00  -17.16   -0.0094
   1013.33     -999.   0.   0.    0.00  -17.43   -0.0102
   1133.33     -999.   0.   0.    0.00  -17.72   -0.0108
   1260.00     -999.   0.   0.    0.00  -18.02   -0.0112
   1393.33     -999.   0.   0.    0.00  -18.34   -0.0114
   1533.33     -999.   0.   0.    0.00  -18.68   -0.0112
   1680.00     -999.   0.   0.    0.00  -19.03   -0.0105
   1833.33     -999.   0.   0.    0.00  -19.40   -0.0094
   1993.33     -999.   0.   0.    0.00  -19.78   -0.0079
   2160.00     -999.   0.   0.    0.00  -20.18   -0.0063
   2333.33     -999.   0.   0.    0.00  -20.60   -0.0036
   2513.33     -999.   0.   0.    0.00  -21.03   -0.0046
   2700.00     -999.   0.   0.    0.00  -21.48   -0.0067
   2893.33     -999.   0.   0.    0.00  -21.94   -0.0083
   3093.33     -999.   0.   0.    0.00  -22.42   -0.0097
   3300.00     -999.   0.   0.    0.00  -22.92   -0.0109
   3513.33     -999.   0.   0.    0.00  -23.43   -0.0118
   3733.33     -999.   0.   0.    0.00  -23.96   -0.0123
   3960.00     -999.   0.   0.    0.00  -24.50   -0.0127
   4193.33     -999.   0.   0.    0.00  -25.06   -0.0135
   4433.33     -999.   0.   0.    0.00  -25.64   -0.0147
   4680.00     -999.   0.   0.    0.00  -26.23   -0.0162
   4933.33     -999.   0.   0.    0.00  -26.84   -0.0179
 31.250000,   38,   1009.     day,levels,pres0
      2.50     -999.   0.   0.    0.00  -15.01    0.0000
     13.33     -999.   0.   0.    0.00  -15.03   -0.0001
     33.33     -999.   0.   0.    0.00  -15.08   -0.0004
     60.00     -999.   0.   0.    0.00  -15.14   -0.0009
     93.33     -999.   0.   0.    0.00  -15.22   -0.0016
    133.33     -999.   0.   0.    0.00  -15.32   -0.0024
    180.00     -999.   0.   0.    0.00  -15.43   -0.0034
    233.33     -999.   0.   0.    0.00  -15.56   -0.0045
    293.33     -999.   0.   0.    0.00  -15.70   -0.0058
    360.00     -999.   0.   0.    0.00  -15.86   -0.0073
    433.33     -999.   0.   0.    0.00  -16.04   -0.0088
    513.33     -999.   0.   0.    0.00  -16.23   -0.0105
    600.00     -999.   0.   0.    0.00  -16.44   -0.0123
    693.33     -999.   0.   0.    0.00  -16.66   -0.0142
    793.33     -999.   0.   0.    0.00  -16.90   -0.0161
    900.00     -999.   0.   0.    0.00  -17.16   -0.0180
   1013.33     -999.   0.   0.    0.00  -17.43   -0.0200
   1133.33     -999.   0.   0.    0.00  -17.72   -0.0217
   1260.00     -999.   0.   0.    0.00  -18.02   -0.0231
   1393.33     -999.   0.   0.    0.00  -18.34   -0.0243
   1533.33     -999.   0.   0.    0.00  -18.68   -0.0250
   1680.00     -999.   0.   0.    0.00  -19.03   -0.0250
   1833.33     -999.   0.   0.    0.00  -19.40   -0.0244
   1993.33     -999.   0.   0.    0.00  -19.78   -0.0231
   2160.00     -999.   0.   0.    0.00  -20.18   -0.0214
   2333.33     -999.   0.   0.    0.00  -20.60   -0.0195
   2513.33     -999.   0.   0.    0.00  -21.03   -0.0162
   2700.00     -999.   0.   0.    0.00  -21.48   -0.0163
   2893.33     -999.   0.   0.    0.00  -21.94   -0.0168
   3093.33     -999.   0.   0.    0.00  -22.42   -0.0169
   3300.00     -999.   0.   0.    0.00  -22.92   -0.0168
   3513.33     -999.   0.   0.    0.00  -23.43   -0.0165
   3733.33     -999.   0.   0.    0.00  -23.96   -0.0166
   3960.00     -999.   0.   0.    0.00  -24.50   -0.0175
   4193.33     -999.   0.   0.    0.00  -25.06   -0.0192
   4433.33     -999.   0.   0.    0.00  -25.64   -0.0215
   4680.00     -999.   0.   0.    0.00  -26.23   -0.0241
   4933.33     -999.   0.   0.    0.00  -26.84   -0.0267
 31.291666,   38,   1009.     day,levels,pres0
      2.50     -999.   0.   0.    0.00  -15.01    0.0000
     13.33     -999.   0.   0.    0.00  -15.03   -0.0001
     33.33     -999.   0.   0.    0.00  -15.08   -0.0003
     60.00     -999.   0.   0.    0.00  -15.14   -0.0006
     93.33     -999.   0.   0.    0.00  -15.22   -0.0010
    133.33     -999.   0.   0.    0.00  -15.32   -0.0015
    180.00     -999.   0.   0.    0.00  -15.43   -0.0021
    233.33     -999.   0.   0.    0.00  -15.56   -0.0028
    293.33     -999.   0.   0.    0.00  -15.70   -0.0036
    360.00     -999.   0.   0.    0.00  -15.86   -0.0045
    433.33     -999.   0.   0.    0.00  -16.04   -0.0054
    513.33     -999.   0.   0.    0.00  -16.23   -0.0065
    600.00     -999.   0.   0.    0.00  -16.44   -0.0076
    693.33     -999.   0.   0.    0.00  -16.66   -0.0087
    793.33     -999.   0.   0.    0.00  -16.90   -0.0100
    900.00     -999.   0.   0.    0.00  -17.16   -0.0113
   1013.33     -999.   0.   0.    0.00  -17.43   -0.0127
   1133.33     -999.   0.   0.    0.00  -17.72   -0.0141
   1260.00     -999.   0.   0.    0.00  -18.02   -0.0153
   1393.33     -999.   0.   0.    0.00  -18.34   -0.0164
   1533.33     -999.   0.   0.    0.00  -18.68   -0.0171
   1680.00     -999.   0.   0.    0.00  -19.03   -0.0176
   1833.33     -999.   0.   0.    0.00  -19.40   -0.0176
   1993.33     -999.   0.   0.    0.00  -19.78   -0.0171
   2160.00     -999.   0.   0.    0.00  -20.18   -0.0159
   2333.33     -999.   0.   0.    0.00  -20.60   -0.0140
   2513.33     -999.   0.   0.    0.00  -21.03   -0.0094
   2700.00     -999.   0.   0.    0.00  -21.48   -0.0055
   2893.33     -999.   0.   0.    0.00  -21.94   -0.0042
   3093.33     -999.   0.   0.    0.00  -22.42   -0.0029
   3300.00     -999.   0.   0.    0.00  -22.92   -0.0016
   3513.33     -999.   0.   0.    0.00  -23.43   -0.0005
   3733.33     -999.   0.   0.    0.00  -23.96   -0.0004
   3960.00     -999.   0.   0.    0.00  -24.50   -0.0016
   4193.33     -999.   0.   0.    0.00  -25.06   -0.0041
   4433.33     -999.   0.   0.    0.00  -25.64   -0.0071
   4680.00     -999.   0.   0.    0.00  -26.23   -0.0098
   4933.33     -999.   0.   0.    0.00  -26.84   -0.0119
 31.333334,   38,   1009.     day,levels,pres0
      2.50     -999.   0.   0.    0.00  -15.01    0.0000
     13.33     -999.   0.   0.    0.00  -15.03   -0.0001
     33.33     -999.   0.   0.    0.00  -15.08   -0.0003
     60.00     -999.   0.   0.    0.00  -15.14   -0.0006
     93.33     -999.   0.   0.    0.00  -15.22   -0.0011
    133.33     -999.   0.   0.    0.00  -15.32   -0.0017
    180.00     -999.   0.   0.    0.00  -15.43   -0.0024
    233.33     -999.   0.   0.    0.00  -15.56   -0.0032
    293.33     -999.   0.   0.    0.00  -15.70   -0.0042
    360.00     -999.   0.   0.    0.00  -15.86   -0.0053
    433.33     -999.   0.   0.    0.00  -16.04   -0.0065
    513.33     -999.   0.   0.    0.00  -16.23   -0.0077
    600.00     -999.   0.   0.    0.00  -16.44   -0.0091
    693.33     -999.   0.   0.    0.00  -16.66   -0.0106
    793.33     -999.   0.   0.    0.00  -16.90   -0.0122
    900.00     -999.   0.   0.    0.00  -17.16   -0.0138
   1013.33     -999.   0.   0.    0.00  -17.43   -0.0155
   1133.33     -999.   0.   0.    0.00  -17.72   -0.0172
   1260.00     -999.   0.   0.    0.00  -18.02   -0.0186
   1393.33     -999.   0.   0.    0.00  -18.34   -0.0200
   1533.33     -999.   0.   0.    0.00  -18.68   -0.0213
   1680.00     -999.   0.   0.    0.00  -19.03   -0.0225
   1833.33     -999.   0.   0.    0.00  -19.40   -0.0234
   1993.33     -999.   0.   0.    0.00  -19.78   -0.0237
   2160.00     -999.   0.   0.    0.00  -20.18   -0.0234
   2333.33     -999.   0.   0.    0.00  -20.60   -0.0222
   2513.33     -999.   0.   0.    0.00  -21.03   -0.0201
   2700.00     -999.   0.   0.    0.00  -21.48   -0.0161
   2893.33     -999.   0.   0.    0.00  -21.94   -0.0144
   3093.33     -999.   0.   0.    0.00  -22.42   -0.0142
   3300.00     -999.   0.   0.    0.00  -22.92   -0.0139
   3513.33     -999.   0.   0.    0.00  -23.43   -0.0141
   3733.33     -999.   0.   0.    0.00  -23.96   -0.0154
   3960.00     -999.   0.   0.    0.00  -24.50   -0.0179
   4193.33     -999.   0.   0.    0.00  -25.06   -0.0207
   4433.33     -999.   0.   0.    0.00  -25.64   -0.0231
   4680.00     -999.   0.   0.    0.00  -26.23   -0.0245
   4933.33     -999.   0.   0.    0.00  -26.84   -0.0249
 31.375000,   38,   1009.     day,levels,pres0
      2.50     -999.   0.   0.    0.00  -15.01    0.0000
     13.33     -999.   0.   0.    0.00  -15.03    0.0001
     33.33     -999.   0.   0.    0.00  -15.08    0.0003
     60.00     -999.   0.   0.    0.00  -15.14    0.0006
     93.33     -999.   0.   0.    0.00  -15.22    0.0010
    133.33     -999.   0.   0.    0.00  -15.32    0.0014
    180.00     -999.   0.   0.    0.00  -15.43    0.0018
    233.33     -999.   0.   0.    0.00  -15.56    0.0022
    293.33     -999.   0.   0.    0.00  -15.70    0.0025
    360.00     -999.   0.   0.    0.00  -15.86    0.0027
    433.33     -999.   0.   0.    0.00  -16.04    0.0026
    513.33     -999.   0.   0.    0.00  -16.23    0.0022
    600.00     -999.   0.   0.    0.00  -16.44    0.0015
    693.33     -999.   0.   0.    0.00  -16.66    0.0004
    793.33     -999.   0.   0.    0.00  -16.90   -0.0013
    900.00     -999.   0.   0.    0.00  -17.16   -0.0033
   1013.33     -999.   0.   0.    0.00  -17.43   -0.0057
   1133.33     -999.   0.   0.    0.00  -17.72   -0.0086
   1260.00     -999.   0.   0.    0.00  -18.02   -0.0118
   1393.33     -999.   0.   0.    0.00  -18.34   -0.0152
   1533.33     -999.   0.   0.    0.00  -18.68   -0.0183
   1680.00     -999.   0.   0.    0.00  -19.03   -0.0210
   1833.33     -999.   0.   0.    0.00  -19.40   -0.0233
   1993.33     -999.   0.   0.    0.00  -19.78   -0.0250
   2160.00     -999.   0.   0.    0.00  -20.18   -0.0257
   2333.33     -999.   0.   0.    0.00  -20.60   -0.0250
   2513.33     -999.   0.   0.    0.00  -21.03   -0.0228
   2700.00     -999.   0.   0.    0.00  -21.48   -0.0201
   2893.33     -999.   0.   0.    0.00  -21.94   -0.0175
   3093.33     -999.   0.   0.    0.00  -22.42   -0.0164
   3300.00     -999.   0.   0.    0.00  -22.92   -0.0151
   3513.33     -999.   0.   0.    0.00  -23.43   -0.0140
   3733.33     -999.   0.   0.    0.00  -23.96   -0.0138
   3960.00     -999.   0.   0.    0.00  -24.50   -0.0143
   4193.33     -999.   0.   0.    0.00  -25.06   -0.0148
   4433.33     -999.   0.   0.    0.00  -25.64   -0.0144
   4680.00     -999.   0.   0.    0.00  -26.23   -0.0132
   4933.33     -999.   0.   0.    0.00  -26.84   -0.0123
 31.416666,   38,   1009.     day,levels,pres0
      2.50     -999.   0.   0.    0.00  -15.01    0.0000
     13.33     -999.   0.   0.    0.00  -15.03   -0.0001
     33.33     -999.   0.   0.    0.00  -15.08   -0.0003
     60.00     -999.   0.   0.    0.00  -15.14   -0.0006
     93.33     -999.   0.   0.    0.00  -15.22   -0.0011
    133.33     -999.   0.   0.    0.00  -15.32   -0.0016
    180.00     -999.   0.   0.    0.00  -15.43   -0.0023
    233.33     -999.   0.   0.    0.00  -15.56   -0.0030
    293.33     -999.   0.   0.    0.00  -15.70   -0.0038
    360.00     -999.   0.   0.    0.00  -15.86   -0.0046
    433.33     -999.   0.   0.    0.00  -16.04   -0.0056
    513.33     -999.   0.   0.    0.00  -16.23   -0.0065
    600.00     -999.   0.   0.    0.00  -16.44   -0.0076
    693.33     -999.   0.   0.    0.00  -16.66   -0.0088
    793.33     -999.   0.   0.    0.00  -16.90   -0.0100
    900.00     -999.   0.   0.    0.00  -17.16   -0.0114
   1013.33     -999.   0.   0.    0.00  -17.43   -0.0131
   1133.33     -999.   0.   0.    0.00  -17.72   -0.0150
   1260.00     -999.   0.   0.    0.00  -18.02   -0.0171
   1393.33     -999.   0.   0.    0.00  -18.34   -0.0189
   1533.33     -999.   0.   0.    0.00  -18.68   -0.0206
   1680.00     -999.   0.   0.    0.00  -19.03   -0.0219
   1833.33     -999.   0.   0.    0.00  -19.40   -0.0229
   1993.33     -999.   0.   0.    0.00  -19.78   -0.0234
   2160.00     -999.   0.   0.    0.00  -20.18   -0.0231
   2333.33     -999.   0.   0.    0.00  -20.60   -0.0212
   2513.33     -999.   0.   0.    0.00  -21.03   -0.0181
   2700.00     -999.   0.   0.    0.00  -21.48   -0.0159
   2893.33     -999.   0.   0.    0.00  -21.94   -0.0130
   3093.33     -999.   0.   0.    0.00  -22.42   -0.0113
   3300.00     -999.   0.   0.    0.00  -22.92   -0.0093
   3513.33     -999.   0.   0.    0.00  -23.43   -0.0073
   3733.33     -999.   0.   0.    0.00  -23.96   -0.0059
   3960.00     -999.   0.   0.    0.00  -24.50   -0.0046
   4193.33     -999.   0.   0.    0.00  -25.06   -0.0030
   4433.33     -999.   0.   0.    0.00  -25.64   -0.0016
   4680.00     -999.   0.   0.    0.00  -26.23   -0.0008
   4933.33     -999.   0.   0.    0.00  -26.84   -0.0005
 31.458334,   38,   1009.     day,levels,pres0
      2.50     -999.   0.   0.    0.00  -15.01    0.0000
     13.33     -999.   0.   0.    0.00  -15.03   -0.0001
     33.33     -999.   0.   0.    0.00  -15.08   -0.0005
     60.00     -999.   0.   0.    0.00  -15.14   -0.0011
     93.33     -999.   0.   0.    0.00  -15.22   -0.0018
    133.33     -999.   0.   0.    0.00  -15.32   -0.0028
    180.00     -999.   0.   0.    0.00  -15.43   -0.0038
    233.33     -999.   0.   0.    0.00  -15.56   -0.0049
    293.33     -999.   0.   0.    0.00  -15.70   -0.0061
    360.00     -999.   0.   0.    0.00  -15.86   -0.0073
    433.33     -999.   0.   0.    0.00  -16.04   -0.0084
    513.33     -999.   0.   0.    0.00  -16.23   -0.0095
    600.00     -999.   0.   0.    0.00  -16.44   -0.0106
    693.33     -999.   0.   0.    0.00  -16.66   -0.0116
    793.33     -999.   0.   0.    0.00  -16.90   -0.0128
    900.00     -999.   0.   0.    0.00  -17.16   -0.0142
   1013.33     -999.   0.   0.    0.00  -17.43   -0.0156
   1133.33     -999.   0.   0.    0.00  -17.72   -0.0170
   1260.00     -999.   0.   0.    0.00  -18.02   -0.0185
   1393.33     -999.   0.   0.    0.00  -18.34   -0.0203
   1533.33     -999.   0.   0.    0.00  -18.68   -0.0219
   1680.00     -999.   0.   0.    0.00  -19.03   -0.0233
   1833.33     -999.   0.   0.    0.00  -19.40   -0.0241
   1993.33     -999.   0.   0.    0.00  -19.78   -0.0242
   2160.00     -999.   0.   0.    0.00  -20.18   -0.0232
   2333.33     -999.   0.   0.    0.00  -20.60   -0.0207
   2513.33     -999.   0.   0.    0.00  -21.03   -0.0169
   2700.00     -999.   0.   0.    0.00  -21.48   -0.0131
   2893.33     -999.   0.   0.    0.00  -21.94   -0.0102
   3093.33     -999.   0.   0.    0.00  -22.42   -0.0082
   3300.00     -999.   0.   0.    0.00  -22.92   -0.0060
   3513.33     -999.   0.   0.    0.00  -23.43   -0.0044
   3733.33     -999.   0.   0.    0.00  -23.96   -0.0032
   3960.00     -999.   0.   0.    0.00  -24.50   -0.0025
   4193.33     -999.   0.   0.    0.00  -25.06   -0.0021
   4433.33     -999.   0.   0.    0.00  -25.64   -0.0019
   4680.00     -999.   0.   0.    0.00  -26.23   -0.0016
   4933.33     -999.   0.   0.    0.00  -26.84   -0.0015
 31.500000,   38,   1009.     day,levels,pres0
      2.50     -999.   0.   0.    0.00  -15.01    0.0000
     13.33     -999.   0.   0.    0.00  -15.03    0.0033
     33.33     -999.   0.   0.    0.00  -15.08    0.0051
     60.00     -999.   0.   0.    0.00  -15.14    0.0062
     93.33     -999.   0.   0.    0.00  -15.22    0.0072
    133.33     -999.   0.   0.    0.00  -15.32    0.0081
    180.00     -999.   0.   0.    0.00  -15.43    0.0091
    233.33     -999.   0.   0.    0.00  -15.56    0.0100
    293.33     -999.   0.   0.    0.00  -15.70    0.0108
    360.00     -999.   0.   0.    0.00  -15.86    0.0116
    433.33     -999.   0.   0.    0.00  -16.04    0.0124
    513.33     -999.   0.   0.    0.00  -16.23    0.0129
    600.00     -999.   0.   0.    0.00  -16.44    0.0131
    693.33     -999.   0.   0.    0.00  -16.66    0.0129
    793.33     -999.   0.   0.    0.00  -16.90    0.0121
    900.00     -999.   0.   0.    0.00  -17.16    0.0108
   1013.33     -999.   0.   0.    0.00  -17.43    0.0090
   1133.33     -999.   0.   0.    0.00  -17.72    0.0070
   1260.00     -999.   0.   0.    0.00  -18.02    0.0051
   1393.33     -999.   0.   0.    0.00  -18.34    0.0031
   1533.33     -999.   0.   0.    0.00  -18.68    0.0012
   1680.00     -999.   0.   0.    0.00  -19.03   -0.0007
   1833.33     -999.   0.   0.    0.00  -19.40   -0.0025
   1993.33     -999.   0.   0.    0.00  -19.78   -0.0037
   2160.00     -999.   0.   0.    0.00  -20.18   -0.0039
   2333.33     -999.   0.   0.    0.00  -20.60   -0.0027
   2513.33     -999.   0.   0.    0.00  -21.03   -0.0008
   2700.00     -999.   0.   0.    0.00  -21.48    0.0014
   2893.33     -999.   0.   0.    0.00  -21.94    0.0034
   3093.33     -999.   0.   0.    0.00  -22.42    0.0044
   3300.00     -999.   0.   0.    0.00  -22.92    0.0049
   3513.33     -999.   0.   0.    0.00  -23.43    0.0050
   3733.33     -999.   0.   0.    0.00  -23.96    0.0049
   3960.00     -999.   0.   0.    0.00  -24.50    0.0050
   4193.33     -999.   0.   0.    0.00  -25.06    0.0050
   4433.33     -999.   0.   0.    0.00  -25.64    0.0043
   4680.00     -999.   0.   0.    0.00  -26.23    0.0032
   4933.33     -999.   0.   0.    0.00  -26.84    0.0018
 31.541666,   38,   1009.     day,levels,pres0
      2.50     -999.   0.   0.    0.00  -15.01    0.0000
     13.33     -999.   0.   0.    0.00  -15.03    0.0050
     33.33     -999.   0.   0.    0.00  -15.08    0.0056
     60.00     -999.   0.   0.    0.00  -15.14    0.0045
     93.33     -999.   0.   0.    0.00  -15.22    0.0034
    133.33     -999.   0.   0.    0.00  -15.32    0.0024
    180.00     -999.   0.   0.    0.00  -15.43    0.0015
    233.33     -999.   0.   0.    0.00  -15.56    0.0010
    293.33     -999.   0.   0.    0.00  -15.70    0.0008
    360.00     -999.   0.   0.    0.00  -15.86    0.0010
    433.33     -999.   0.   0.    0.00  -16.04    0.0016
    513.33     -999.   0.   0.    0.00  -16.23    0.0022
    600.00     -999.   0.   0.    0.00  -16.44    0.0027
    693.33     -999.   0.   0.    0.00  -16.66    0.0030
    793.33     -999.   0.   0.    0.00  -16.90    0.0031
    900.00     -999.   0.   0.    0.00  -17.16    0.0029
   1013.33     -999.   0.   0.    0.00  -17.43    0.0023
   1133.33     -999.   0.   0.    0.00  -17.72    0.0015
   1260.00     -999.   0.   0.    0.00  -18.02    0.0007
   1393.33     -999.   0.   0.    0.00  -18.34   -0.0003
   1533.33     -999.   0.   0.    0.00  -18.68   -0.0019
   1680.00     -999.   0.   0.    0.00  -19.03   -0.0040
   1833.33     -999.   0.   0.    0.00  -19.40   -0.0057
   1993.33     -999.   0.   0.    0.00  -19.78   -0.0060
   2160.00     -999.   0.   0.    0.00  -20.18   -0.0051
   2333.33     -999.   0.   0.    0.00  -20.60   -0.0028
   2513.33     -999.   0.   0.    0.00  -21.03    0.0004
   2700.00     -999.   0.   0.    0.00  -21.48    0.0025
   2893.33     -999.   0.   0.    0.00  -21.94    0.0026
   3093.33     -999.   0.   0.    0.00  -22.42    0.0014
   3300.00     -999.   0.   0.    0.00  -22.92   -0.0007
   3513.33     -999.   0.   0.    0.00  -23.43   -0.0014
   3733.33     -999.   0.   0.    0.00  -23.96   -0.0011
   3960.00     -999.   0.   0.    0.00  -24.50   -0.0007
   4193.33     -999.   0.   0.    0.00  -25.06   -0.0002
   4433.33     -999.   0.   0.    0.00  -25.64    0.0002
   4680.00     -999.   0.   0.    0.00  -26.23    0.0000
   4933.33     -999.   0.   0.    0.00  -26.84   -0.0018
 31.583334,   38,   1009.     day,levels,pres0
      2.50     -999.   0.   0.    0.00  -15.01    0.0000
     13.33     -999.   0.   0.    0.00  -15.03    0.0087
     33.33     -999.   0.   0.    0.00  -15.08    0.0095
     60.00     -999.   0.   0.    0.00  -15.14    0.0069
     93.33     -999.   0.   0.    0.00  -15.22    0.0048
    133.33     -999.   0.   0.    0.00  -15.32    0.0032
    180.00     -999.   0.   0.    0.00  -15.43    0.0021
    233.33     -999.   0.   0.    0.00  -15.56    0.0015
    293.33     -999.   0.   0.    0.00  -15.70    0.0013
    360.00     -999.   0.   0.    0.00  -15.86    0.0013
    433.33     -999.   0.   0.    0.00  -16.04    0.0014
    513.33     -999.   0.   0.    0.00  -16.23    0.0012
    600.00     -999.   0.   0.    0.00  -16.44    0.0004
    693.33     -999.   0.   0.    0.00  -16.66   -0.0010
    793.33     -999.   0.   0.    0.00  -16.90   -0.0025
    900.00     -999.   0.   0.    0.00  -17.16   -0.0040
   1013.33     -999.   0.   0.    0.00  -17.43   -0.0053
   1133.33     -999.   0.   0.    0.00  -17.72   -0.0068
   1260.00     -999.   0.   0.    0.00  -18.02   -0.0082
   1393.33     -999.   0.   0.    0.00  -18.34   -0.0098
   1533.33     -999.   0.   0.    0.00  -18.68   -0.0114
   1680.00     -999.   0.   0.    0.00  -19.03   -0.0124
   1833.33     -999.   0.   0.    0.00  -19.40   -0.0126
   1993.33     -999.   0.   0.    0.00  -19.78   -0.0123
   2160.00     -999.   0.   0.    0.00  -20.18   -0.0114
   2333.33     -999.   0.   0.    0.00  -20.60   -0.0096
   2513.33     -999.   0.   0.    0.00  -21.03   -0.0074
   2700.00     -999.   0.   0.    0.00  -21.48   -0.0058
   2893.33     -999.   0.   0.    0.00  -21.94   -0.0059
   3093.33     -999.   0.   0.    0.00  -22.42   -0.0087
   3300.00     -999.   0.   0.    0.00  -22.92   -0.0120
   3513.33     -999.   0.   0.    0.00  -23.43   -0.0152
   3733.33     -999.   0.   0.    0.00  -23.96   -0.0180
   3960.00     -999.   0.   0.    0.00  -24.50   -0.0202
   4193.33     -999.   0.   0.    0.00  -25.06   -0.0217
   4433.33     -999.   0.   0.    0.00  -25.64   -0.0237
   4680.00     -999.   0.   0.    0.00  -26.23   -0.0268
   4933.33     -999.   0.   0.    0.00  -26.84   -0.0308
 31.700000,   38,   1009.     day,levels,pres0
      2.50     -999.   0.   0.    0.00  -15.01    0.0000
     13.33     -999.   0.   0.    0.00  -15.03    0.0087
     33.33     -999.   0.   0.    0.00  -15.08    0.0095
     60.00     -999.   0.   0.    0.00  -15.14    0.0069
     93.33     -999.   0.   0.    0.00  -15.22    0.0048
    133.33     -999.   0.   0.    0.00  -15.32    0.0032
    180.00     -999.   0.   0.    0.00  -15.43    0.0021
    233.33     -999.   0.   0.    0.00  -15.56    0.0015
    293.33     -999.   0.   0.    0.00  -15.70    0.0013
    360.00     -999.   0.   0.    0.00  -15.86    0.0013
    433.33     -999.   0.   0.    0.00  -16.04    0.0014
    513.33     -999.   0.   0.    0.00  -16.23    0.0012
    600.00     -999.   0.   0.    0.00  -16.44    0.0004
    693.33     -999.   0.   0.    0.00  -16.66   -0.0010
    793.33     -999.   0.   0.    0.00  -16.90   -0.0025
    900.00     -999.   0.   0.    0.00  -17.16   -0.0040
   1013.33     -999.   0.   0.    0.00  -17.43   -0.0053
   1133.33     -999.   0.   0.    0.00  -17.72   -0.0068
   1260.00     -999.   0.   0.    0.00  -18.02   -0.0082
   1393.33     -999.   0.   0.    0.00  -18.34   -0.0098
   1533.33     -999.   0.   0.    0.00  -18.68   -0.0114
   1680.00     -999.   0.   0.    0.00  -19.03   -0.0124
   1833.33     -999.   0.   0.    0.00  -19.40   -0.0126
   1993.33     -999.   0.   0.    0.00  -19.78   -0.0123
   2160.00     -999.   0.   0.    0.00  -20.18   -0.0114
   2333.33     -999.   0.   0.    0.00  -20.60   -0.0096
   2513.33     -999.   0.   0.    0.00  -21.03   -0.0074
   2700.00     -999.   0.   0.    0.00  -21.48   -0.0058
   2893.33     -999.   0.   0.    0.00  -21.94   -0.0059
   3093.33     -999.   0.   0.    0.00  -22.42   -0.0087
   3300.00     -999.   0.   0.    0.00  -22.92   -0.0120
   3513.33     -999.   0.   0.    0.00  -23.43   -0.0152
   3733.33     -999.   0.   0.    0.00  -23.96   -0.0180
   3960.00     -999.   0.   0.    0.00  -24.50   -0.0202
   4193.33     -999.   0.   0.    0.00  -25.06   -0.0217
   4433.33     -999.   0.   0.    0.00  -25.64   -0.0237
   4680.00     -999.   0.   0.    0.00  -26.23   -0.0268
   4933.33     -999.   0.   0.    0.00  -26.84   -0.0308
