day sst(K) H(W/m2) LE(W/m2) TAU(m2/s2)                                          
 31.000000    276.20     98.97    127.60    0.
 31.020834    276.20     98.97    127.60    0.
 31.041666    276.20     98.97    127.60    0.
 31.062500    276.30     98.77    130.99    0.
 31.083334    276.40     98.31    133.83    0.
 31.104166    276.61    100.24    138.94    0.
 31.125000    277.05    106.82    148.49    0.
 31.145834    277.73    118.44    163.78    0.
 31.166666    278.50    132.33    182.15    0.
 31.187500    279.19    144.56    199.93    0.
 31.208334    279.70    152.14    213.28    0.
 31.229166    280.03    154.57    222.21    0.
 31.250000    280.23    152.38    225.94    0.
 31.270834    280.40    149.85    229.06    0.
 31.291666    280.57    147.01    232.13    0.
 31.312500    280.75    144.70    235.45    0.
 31.333334    280.96    143.50    239.80    0.
 31.354166    281.22    143.95    245.09    0.
 31.375000    281.47    144.49    248.06    0.
 31.395834    281.66    141.33    246.39    0.
 31.416666    281.84    139.94    246.20    0.
 31.437500    282.08    142.65    248.21    0.
 31.458334    282.39    147.91    250.57    0.
 31.479166    282.65    147.02    249.87    0.
 31.500000    282.81    143.26    249.29    0.
 31.520834    282.88    145.37    244.35    0.
 31.541666    282.84    139.65    238.23    0.
 31.562500    282.67    128.17    224.80    0.
 31.583334    282.31    112.39    208.90    0.
 31.604167    281.67     99.13    189.27    0.
