  z[m] p[mb] tp[K] q[g/kg] u[m/s] v[m/s]
   0.000000              40   1012.22571    
  -999.000000  1000.000000   300.125000    0.0     0.0    0.0
  -999.000000   975.000000   300.431488    0.0     0.0    0.0
  -999.000000   950.000000   300.896698    0.0     0.0    0.0
  -999.000000   925.000000   301.765717    0.0     0.0    0.0
  -999.000000   900.000000   302.736877    0.0     0.0    0.0
  -999.000000   875.000000   303.797699    0.0     0.0    0.0
  -999.000000   850.000000   305.123962    0.0     0.0    0.0
  -999.000000   825.000000   306.223816    0.0     0.0    0.0
  -999.000000   800.000000   307.851776    0.0     0.0    0.0
  -999.000000   775.000000   308.928864    0.0     0.0    0.0
  -999.000000   750.000000   310.489685    0.0     0.0    0.0
  -999.000000   725.000000   311.750458    0.0     0.0    0.0
  -999.000000   700.000000   313.074036    0.0     0.0    0.0
  -999.000000   675.000000   314.068695    0.0     0.0    0.0
  -999.000000   650.000000   315.505066    0.0     0.0    0.0
  -999.000000   625.000000   316.961090    0.0     0.0    0.0
  -999.000000   600.000000   318.314911    0.0     0.0    0.0
  -999.000000   575.000000   319.887146    0.0     0.0    0.0
  -999.000000   550.000000   322.109283    0.0     0.0    0.0
  -999.000000   525.000000   324.871643    0.0     0.0    0.0
  -999.000000   500.000000   326.937561    0.0     0.0    0.0
  -999.000000   475.000000   328.604462    0.0     0.0    0.0
  -999.000000   450.000000   330.208527    0.0     0.0    0.0
  -999.000000   425.000000   332.371063    0.0     0.0    0.0
  -999.000000   400.000000   335.075592    0.0     0.0    0.0
  -999.000000   375.000000   337.002319    0.0     0.0    0.0
  -999.000000   350.000000   338.537476    0.0     0.0    0.0
  -999.000000   325.000000   339.830200    0.0     0.0    0.0
  -999.000000   300.000000   341.060333    0.0     0.0    0.0
  -999.000000   275.000000   342.228668    0.0     0.0    0.0
  -999.000000   250.000000   343.384430    0.0     0.0    0.0
  -999.000000   225.000000   344.720947    0.0     0.0    0.0
  -999.000000   200.000000   346.460693    0.0     0.0    0.0
  -999.000000   175.000000   348.576630    0.0     0.0    0.0
  -999.000000   150.000000   352.742554    0.0     0.0    0.0
  -999.000000   125.000000   362.853302    0.0     0.0    0.0
  -999.000000   100.000000   383.417358    0.0     0.0    0.0
  -999.000000    75.000000   421.671814    0.0    -0.0    0.0
  -999.000000    50.000000   488.842316    0.0    -0.0    0.0
  -999.000000    25.000000   608.551453    0.0    -0.0    0.0
   99999.0000              40   1012.22571    
  -999.000000  1000.000000   300.125000    0.0     0.0    0.0
  -999.000000   975.000000   300.431488    0.0     0.0    0.0
  -999.000000   950.000000   300.896698    0.0     0.0    0.0
  -999.000000   925.000000   301.765717    0.0     0.0    0.0
  -999.000000   900.000000   302.736877    0.0     0.0    0.0
  -999.000000   875.000000   303.797699    0.0     0.0    0.0
  -999.000000   850.000000   305.123962    0.0     0.0    0.0
  -999.000000   825.000000   306.223816    0.0     0.0    0.0
  -999.000000   800.000000   307.851776    0.0     0.0    0.0
  -999.000000   775.000000   308.928864    0.0     0.0    0.0
  -999.000000   750.000000   310.489685    0.0     0.0    0.0
  -999.000000   725.000000   311.750458    0.0     0.0    0.0
  -999.000000   700.000000   313.074036    0.0     0.0    0.0
  -999.000000   675.000000   314.068695    0.0     0.0    0.0
  -999.000000   650.000000   315.505066    0.0     0.0    0.0
  -999.000000   625.000000   316.961090    0.0     0.0    0.0
  -999.000000   600.000000   318.314911    0.0     0.0    0.0
  -999.000000   575.000000   319.887146    0.0     0.0    0.0
  -999.000000   550.000000   322.109283    0.0     0.0    0.0
  -999.000000   525.000000   324.871643    0.0     0.0    0.0
  -999.000000   500.000000   326.937561    0.0     0.0    0.0
  -999.000000   475.000000   328.604462    0.0     0.0    0.0
  -999.000000   450.000000   330.208527    0.0     0.0    0.0
  -999.000000   425.000000   332.371063    0.0     0.0    0.0
  -999.000000   400.000000   335.075592    0.0     0.0    0.0
  -999.000000   375.000000   337.002319    0.0     0.0    0.0
  -999.000000   350.000000   338.537476    0.0     0.0    0.0
  -999.000000   325.000000   339.830200    0.0     0.0    0.0
  -999.000000   300.000000   341.060333    0.0     0.0    0.0
  -999.000000   275.000000   342.228668    0.0     0.0    0.0
  -999.000000   250.000000   343.384430    0.0     0.0    0.0
  -999.000000   225.000000   344.720947    0.0     0.0    0.0
  -999.000000   200.000000   346.460693    0.0     0.0    0.0
  -999.000000   175.000000   348.576630    0.0     0.0    0.0
  -999.000000   150.000000   352.742554    0.0     0.0    0.0
  -999.000000   125.000000   362.853302    0.0     0.0    0.0
  -999.000000   100.000000   383.417358    0.0     0.0    0.0
  -999.000000    75.000000   421.671814    0.0    -0.0    0.0
  -999.000000    50.000000   488.842316    0.0    -0.0    0.0
  -999.000000    25.000000   608.551453    0.0    -0.0    0.0
