p[mb] or z(m)     (dt/dt)rad [K/s]
0., 33  
  42.500    -0.16042E-04
  200.92    -0.22303E-04
  456.28    -0.24178E-04
  743.00    -0.22789E-04
  1061.1    -0.20891E-04
  1410.5    -0.18345E-04
  1791.3    -0.16273E-04
  2203.5    -0.15243E-04
  2647.0    -0.13750E-04
  3121.9    -0.12801E-04
  3628.1    -0.12766E-04
  4165.7    -0.11863E-04
  4734.7    -0.11053E-04
  5335.0    -0.12095E-04
  5966.7    -0.13241E-04
  6629.7    -0.12951E-04
  7324.1    -0.12361E-04
  8049.9    -0.12639E-04
  8807.0    -0.13843E-04
  9595.5    -0.14502E-04
  10415.    -0.14653E-04
  11267.    -0.15116E-04
  12149.    -0.10995E-04
  13063.     0.14120E-05
  14008.     0.29514E-05
  14985.     0.29861E-05
  15993.     0.37269E-05
  17032.     0.15625E-05
  18103.      0.0000    
  19205.      0.0000    
  20339.      0.0000    
  21503.      0.0000    
  22699.      0.0000    
 6.944444496E-3,  33
  42.500    -0.16042E-04
  200.92    -0.22303E-04
  456.28    -0.24178E-04
  743.00    -0.22789E-04
  1061.1    -0.20891E-04
  1410.5    -0.18345E-04
  1791.3    -0.16273E-04
  2203.5    -0.15243E-04
  2647.0    -0.13750E-04
  3121.9    -0.12801E-04
  3628.1    -0.12766E-04
  4165.7    -0.11863E-04
  4734.7    -0.11053E-04
  5335.0    -0.12095E-04
  5966.7    -0.13241E-04
  6629.7    -0.12951E-04
  7324.1    -0.12361E-04
  8049.9    -0.12639E-04
  8807.0    -0.13843E-04
  9595.5    -0.14502E-04
  10415.    -0.14653E-04
  11267.    -0.15116E-04
  12149.    -0.10995E-04
  13063.     0.14120E-05
  14008.     0.29514E-05
  14985.     0.29861E-05
  15993.     0.37269E-05
  17032.     0.15625E-05
  18103.      0.0000    
  19205.      0.0000    
  20339.      0.0000    
  21503.      0.0000    
  22699.      0.0000    
 1.388888899E-2,  33
  42.500    -0.14236E-04
  200.92    -0.21111E-04
  456.28    -0.23275E-04
  743.00    -0.21933E-04
  1061.1    -0.20012E-04
  1410.5    -0.17454E-04
  1791.3    -0.15405E-04
  2203.5    -0.14363E-04
  2647.0    -0.12836E-04
  3121.9    -0.11852E-04
  3628.1    -0.11782E-04
  4165.7    -0.10880E-04
  4734.7    -0.10035E-04
  5335.0    -0.11030E-04
  5966.7    -0.12106E-04
  6629.7    -0.11782E-04
  7324.1    -0.11250E-04
  8049.9    -0.11644E-04
  8807.0    -0.12951E-04
  9595.5    -0.13738E-04
  10415.    -0.13993E-04
  11267.    -0.14572E-04
  12149.    -0.10637E-04
  13063.     0.14120E-05
  14008.     0.30556E-05
  14985.     0.30324E-05
  15993.     0.37731E-05
  17032.     0.15856E-05
  18103.      0.0000    
  19205.      0.0000    
  20339.      0.0000    
  21503.      0.0000    
  22699.      0.0000    
 2.083333395E-2,  33
  42.500    -0.12072E-04
  200.92    -0.19583E-04
  456.28    -0.22060E-04
  743.00    -0.20787E-04
  1061.1    -0.18866E-04
  1410.5    -0.16319E-04
  1791.3    -0.14271E-04
  2203.5    -0.13218E-04
  2647.0    -0.11690E-04
  3121.9    -0.10660E-04
  3628.1    -0.10544E-04
  4165.7    -0.95949E-05
  4734.7    -0.87269E-05
  5335.0    -0.96875E-05
  5966.7    -0.10683E-04
  6629.7    -0.10301E-04
  7324.1    -0.98032E-05
  8049.9    -0.10359E-04
  8807.0    -0.11817E-04
  9595.5    -0.12743E-04
  10415.    -0.13171E-04
  11267.    -0.13900E-04
  12149.    -0.10185E-04
  13063.     0.15162E-05
  14008.     0.33102E-05
  14985.     0.29977E-05
  15993.     0.38426E-05
  17032.     0.16204E-05
  18103.      0.0000    
  19205.      0.0000    
  20339.      0.0000    
  21503.      0.0000    
  22699.      0.0000    
 2.777777798E-2,  33
  42.500    -0.10926E-04
  200.92    -0.18669E-04
  456.28    -0.21204E-04
  743.00    -0.19907E-04
  1061.1    -0.17998E-04
  1410.5    -0.15498E-04
  1791.3    -0.13461E-04
  2203.5    -0.12361E-04
  2647.0    -0.10822E-04
  3121.9    -0.97917E-05
  3628.1    -0.96644E-05
  4165.7    -0.86806E-05
  4734.7    -0.77894E-05
  5335.0    -0.86921E-05
  5966.7    -0.96412E-05
  6629.7    -0.92361E-05
  7324.1    -0.87963E-05
  8049.9    -0.94560E-05
  8807.0    -0.11019E-04
  9595.5    -0.12060E-04
  10415.    -0.12593E-04
  11267.    -0.13414E-04
  12149.    -0.98727E-05
  13063.     0.15972E-05
  14008.     0.33681E-05
  14985.     0.30671E-05
  15993.     0.40278E-05
  17032.     0.15741E-05
  18103.      0.0000    
  19205.      0.0000    
  20339.      0.0000    
  21503.      0.0000    
  22699.      0.0000    
 3.472222015E-2,  33
  42.500    -0.96412E-05
  200.92    -0.17662E-04
  456.28    -0.20336E-04
  743.00    -0.19074E-04
  1061.1    -0.17187E-04
  1410.5    -0.14699E-04
  1791.3    -0.12650E-04
  2203.5    -0.11551E-04
  2647.0    -0.10035E-04
  3121.9    -0.90046E-05
  3628.1    -0.88079E-05
  4165.7    -0.77778E-05
  4734.7    -0.68750E-05
  5335.0    -0.77662E-05
  5966.7    -0.86574E-05
  6629.7    -0.82060E-05
  7324.1    -0.78241E-05
  8049.9    -0.85880E-05
  8807.0    -0.10266E-04
  9595.5    -0.11412E-04
  10415.    -0.12049E-04
  11267.    -0.12951E-04
  12149.    -0.95486E-05
  13063.     0.16551E-05
  14008.     0.34259E-05
  14985.     0.31366E-05
  15993.     0.40625E-05
  17032.     0.15972E-05
  18103.      0.0000    
  19205.      0.0000    
  20339.      0.0000    
  21503.      0.0000    
  22699.      0.0000    
 4.166666791E-2,  33
  42.500    -0.83218E-05
  200.92    -0.16493E-04
  456.28    -0.19178E-04
  743.00    -0.17940E-04
  1061.1    -0.16111E-04
  1410.5    -0.13646E-04
  1791.3    -0.11609E-04
  2203.5    -0.10521E-04
  2647.0    -0.90046E-05
  3121.9    -0.79630E-05
  3628.1    -0.77199E-05
  4165.7    -0.66319E-05
  4734.7    -0.56944E-05
  5335.0    -0.65509E-05
  5966.7    -0.73958E-05
  6629.7    -0.68981E-05
  7324.1    -0.65741E-05
  8049.9    -0.74884E-05
  8807.0    -0.93056E-05
  9595.5    -0.10579E-04
  10415.    -0.11354E-04
  11267.    -0.12384E-04
  12149.    -0.91782E-05
  13063.     0.17477E-05
  14008.     0.35069E-05
  14985.     0.32292E-05
  15993.     0.41088E-05
  17032.     0.16319E-05
  18103.      0.0000    
  19205.      0.0000    
  20339.      0.0000    
  21503.      0.0000    
  22699.      0.0000    
 4.861110821E-2,  33
  42.500    -0.83796E-05
  200.92    -0.15903E-04
  456.28    -0.18345E-04
  743.00    -0.17153E-04
  1061.1    -0.15370E-04
  1410.5    -0.12917E-04
  1791.3    -0.10833E-04
  2203.5    -0.97454E-05
  2647.0    -0.82755E-05
  3121.9    -0.72222E-05
  3628.1    -0.69213E-05
  4165.7    -0.58218E-05
  4734.7    -0.48727E-05
  5335.0    -0.57176E-05
  5966.7    -0.64931E-05
  6629.7    -0.59491E-05
  7324.1    -0.56713E-05
  8049.9    -0.67130E-05
  8807.0    -0.86227E-05
  9595.5    -0.99884E-05
  10415.    -0.10856E-04
  11267.    -0.11979E-04
  12149.    -0.88426E-05
  13063.     0.19792E-05
  14008.     0.33681E-05
  14985.     0.32870E-05
  15993.     0.41435E-05
  17032.     0.16667E-05
  18103.      0.0000    
  19205.      0.0000    
  20339.      0.0000    
  21503.      0.0000    
  22699.      0.0000    
 5.555555597E-2,  33
  42.500    -0.67940E-05
  200.92    -0.14815E-04
  456.28    -0.17512E-04
  743.00    -0.16389E-04
  1061.1    -0.14630E-04
  1410.5    -0.12176E-04
  1791.3    -0.10116E-04
  2203.5    -0.90394E-05
  2647.0    -0.75810E-05
  3121.9    -0.64931E-05
  3628.1    -0.61574E-05
  4165.7    -0.50463E-05
  4734.7    -0.40972E-05
  5335.0    -0.49074E-05
  5966.7    -0.56134E-05
  6629.7    -0.50347E-05
  7324.1    -0.48264E-05
  8049.9    -0.59838E-05
  8807.0    -0.79977E-05
  9595.5    -0.94560E-05
  10415.    -0.10394E-04
  11267.    -0.11574E-04
  12149.    -0.85648E-05
  13063.     0.20370E-05
  14008.     0.34375E-05
  14985.     0.33449E-05
  15993.     0.41667E-05
  17032.     0.16898E-05
  18103.      0.0000    
  19205.      0.0000    
  20339.      0.0000    
  21503.      0.0000    
  22699.      0.0000    
 6.25E-2,  33
  42.500    -0.58565E-05
  200.92    -0.13819E-04
  456.28    -0.16505E-04
  743.00    -0.15417E-04
  1061.1    -0.13681E-04
  1410.5    -0.11250E-04
  1791.3    -0.92014E-05
  2203.5    -0.81481E-05
  2647.0    -0.66898E-05
  3121.9    -0.55556E-05
  3628.1    -0.51505E-05
  4165.7    -0.40162E-05
  4734.7    -0.30903E-05
  5335.0    -0.38889E-05
  5966.7    -0.45255E-05
  6629.7    -0.39005E-05
  7324.1    -0.37616E-05
  8049.9    -0.50463E-05
  8807.0    -0.71759E-05
  9595.5    -0.87500E-05
  10415.    -0.98032E-05
  11267.    -0.11111E-04
  12149.    -0.82639E-05
  13063.     0.20833E-05
  14008.     0.35301E-05
  14985.     0.36690E-05
  15993.     0.40278E-05
  17032.     0.18287E-05
  18103.      0.0000    
  19205.      0.0000    
  20339.      0.0000    
  21503.      0.0000    
  22699.      0.0000    
 6.944444031E-2,  33
  42.500    -0.54630E-05
  200.92    -0.13194E-04
  456.28    -0.15787E-04
  743.00    -0.14711E-04
  1061.1    -0.12998E-04
  1410.5    -0.10579E-04
  1791.3    -0.85417E-05
  2203.5    -0.75116E-05
  2647.0    -0.60417E-05
  3121.9    -0.48843E-05
  3628.1    -0.44676E-05
  4165.7    -0.33218E-05
  4734.7    -0.23958E-05
  5335.0    -0.31597E-05
  5966.7    -0.37269E-05
  6629.7    -0.30903E-05
  7324.1    -0.30093E-05
  8049.9    -0.43866E-05
  8807.0    -0.65856E-05
  9595.5    -0.82407E-05
  10415.    -0.93866E-05
  11267.    -0.10775E-04
  12149.    -0.80556E-05
  13063.     0.21181E-05
  14008.     0.35995E-05
  14985.     0.37037E-05
  15993.     0.40625E-05
  17032.     0.18519E-05
  18103.      0.0000    
  19205.      0.0000    
  20339.      0.0000    
  21503.      0.0000    
  22699.      0.0000    
 7.638888806E-2,  33
  42.500    -0.51852E-05
  200.92    -0.12627E-04
  456.28    -0.15104E-04
  743.00    -0.14051E-04
  1061.1    -0.12361E-04
  1410.5    -0.99306E-05
  1791.3    -0.78935E-05
  2203.5    -0.68750E-05
  2647.0    -0.54282E-05
  3121.9    -0.42593E-05
  3628.1    -0.38079E-05
  4165.7    -0.26505E-05
  4734.7    -0.17245E-05
  5335.0    -0.24653E-05
  5966.7    -0.29745E-05
  6629.7    -0.23148E-05
  7324.1    -0.23032E-05
  8049.9    -0.37847E-05
  8807.0    -0.60532E-05
  9595.5    -0.77315E-05
  10415.    -0.89583E-05
  11267.    -0.10451E-04
  12149.    -0.78472E-05
  13063.     0.21528E-05
  14008.     0.36458E-05
  14985.     0.37384E-05
  15993.     0.41088E-05
  17032.     0.18750E-05
  18103.      0.0000    
  19205.      0.0000    
  20339.      0.0000    
  21503.      0.0000    
  22699.      0.0000    
 8.333333582E-2,  33
  42.500    -0.46875E-05
  200.92    -0.11863E-04
  456.28    -0.14213E-04
  743.00    -0.13183E-04
  1061.1    -0.11528E-04
  1410.5    -0.91319E-05
  1791.3    -0.71181E-05
  2203.5    -0.60995E-05
  2647.0    -0.46528E-05
  3121.9    -0.34722E-05
  3628.1    -0.29630E-05
  4165.7    -0.18056E-05
  4734.7    -0.89120E-06
  5335.0    -0.15741E-05
  5966.7    -0.20023E-05
  6629.7    -0.13310E-05
  7324.1    -0.14005E-05
  8049.9    -0.29977E-05
  8807.0    -0.53588E-05
  9595.5    -0.71412E-05
  10415.    -0.84722E-05
  11267.    -0.10058E-04
  12149.    -0.75926E-05
  13063.     0.21991E-05
  14008.     0.37269E-05
  14985.     0.37731E-05
  15993.     0.41551E-05
  17032.     0.18981E-05
  18103.      0.0000    
  19205.      0.0000    
  20339.      0.0000    
  21503.      0.0000    
  22699.      0.0000    
 9.027778357E-2,  33
  42.500    -0.45255E-05
  200.92    -0.11377E-04
  456.28    -0.13588E-04
  743.00    -0.12558E-04
  1061.1    -0.10937E-04
  1410.5    -0.85532E-05
  1791.3    -0.65509E-05
  2203.5    -0.55324E-05
  2647.0    -0.40972E-05
  3121.9    -0.29051E-05
  3628.1    -0.23727E-05
  4165.7    -0.12153E-05
  4734.7    -0.31250E-06
  5335.0    -0.94907E-06
  5966.7    -0.13194E-05
  6629.7    -0.64815E-06
  7324.1    -0.79861E-06
  8049.9    -0.24653E-05
  8807.0    -0.48611E-05
  9595.5    -0.67014E-05
  10415.    -0.80903E-05
  11267.    -0.97222E-05
  12149.    -0.74306E-05
  13063.     0.20023E-05
  14008.     0.37847E-05
  14985.     0.38079E-05
  15993.     0.41898E-05
  17032.     0.19097E-05
  18103.      0.0000    
  19205.      0.0000    
  20339.      0.0000    
  21503.      0.0000    
  22699.      0.0000    
 9.722221643E-2,  33
  42.500    -0.44560E-05
  200.92    -0.10949E-04
  456.28    -0.12975E-04
  743.00    -0.11944E-04
  1061.1    -0.10394E-04
  1410.5    -0.80440E-05
  1791.3    -0.60532E-05
  2203.5    -0.50231E-05
  2647.0    -0.35532E-05
  3121.9    -0.23495E-05
  3628.1    -0.18171E-05
  4165.7    -0.65972E-06
  4734.7     0.24306E-06
  5335.0    -0.35880E-06
  5966.7    -0.68287E-06
  6629.7    -0.11574E-07
  7324.1    -0.20833E-06
  8049.9    -0.19444E-05
  8807.0    -0.44097E-05
  9595.5    -0.63194E-05
  10415.    -0.77778E-05
  11267.    -0.94792E-05
  12149.    -0.72801E-05
  13063.     0.20370E-05
  14008.     0.38426E-05
  14985.     0.38426E-05
  15993.     0.42130E-05
  17032.     0.19213E-05
  18103.      0.0000    
  19205.      0.0000    
  20339.      0.0000    
  21503.      0.0000    
  22699.      0.0000    
 0.104166664,  33
  42.500    -0.44329E-05
  200.92    -0.10463E-04
  456.28    -0.12303E-04
  743.00    -0.11250E-04
  1061.1    -0.96528E-05
  1410.5    -0.73148E-05
  1791.3    -0.53704E-05
  2203.5    -0.43750E-05
  2647.0    -0.29051E-05
  3121.9    -0.16667E-05
  3628.1    -0.11111E-05
  4165.7     0.11574E-07
  4734.7     0.91435E-06
  5335.0     0.37037E-06
  5966.7     0.12731E-06
  6629.7     0.79861E-06
  7324.1     0.50926E-06
  8049.9    -0.13079E-05
  8807.0    -0.38426E-05
  9595.5    -0.58333E-05
  10415.    -0.73727E-05
  11267.    -0.91551E-05
  12149.    -0.70718E-05
  13063.     0.20949E-05
  14008.     0.39120E-05
  14985.     0.38773E-05
  15993.     0.42477E-05
  17032.     0.19329E-05
  18103.      0.0000    
  19205.      0.0000    
  20339.      0.0000    
  21503.      0.0000    
  22699.      0.0000    
 0.111111112,  33
  42.500    -0.45255E-05
  200.92    -0.10104E-04
  456.28    -0.11759E-04
  743.00    -0.10752E-04
  1061.1    -0.91898E-05
  1410.5    -0.68403E-05
  1791.3    -0.48958E-05
  2203.5    -0.39005E-05
  2647.0    -0.24537E-05
  3121.9    -0.12037E-05
  3628.1    -0.64815E-06
  4165.7     0.49769E-06
  4734.7     0.14005E-05
  5335.0     0.89120E-06
  5966.7     0.67130E-06
  6629.7     0.13542E-05
  7324.1     0.10185E-05
  8049.9    -0.86806E-06
  8807.0    -0.34491E-05
  9595.5    -0.54977E-05
  10415.    -0.70949E-05
  11267.    -0.89352E-05
  12149.    -0.69329E-05
  13063.     0.21181E-05
  14008.     0.39583E-05
  14985.     0.39005E-05
  15993.     0.42824E-05
  17032.     0.19444E-05
  18103.      0.0000    
  19205.      0.0000    
  20339.      0.0000    
  21503.      0.0000    
  22699.      0.0000    
 0.118055552,  33
  42.500    -0.41551E-05
  200.92    -0.96759E-05
  456.28    -0.11296E-04
  743.00    -0.10278E-04
  1061.1    -0.87384E-05
  1410.5    -0.64120E-05
  1791.3    -0.44676E-05
  2203.5    -0.34722E-05
  2647.0    -0.20255E-05
  3121.9    -0.77546E-06
  3628.1    -0.20833E-06
  4165.7     0.93750E-06
  4734.7     0.18519E-05
  5335.0     0.13773E-05
  5966.7     0.11921E-05
  6629.7     0.18634E-05
  7324.1     0.14931E-05
  8049.9    -0.45139E-06
  8807.0    -0.30787E-05
  9595.5    -0.51852E-05
  10415.    -0.68403E-05
  11267.    -0.87384E-05
  12149.    -0.67940E-05
  13063.     0.21644E-05
  14008.     0.39931E-05
  14985.     0.39236E-05
  15993.     0.43056E-05
  17032.     0.19560E-05
  18103.      0.0000    
  19205.      0.0000    
  20339.      0.0000    
  21503.      0.0000    
  22699.      0.0000    
 0.125,  33
  42.500    -0.37963E-05
  200.92    -0.91667E-05
  456.28    -0.10741E-04
  743.00    -0.97454E-05
  1061.1    -0.82060E-05
  1410.5    -0.58796E-05
  1791.3    -0.39468E-05
  2203.5    -0.29630E-05
  2647.0    -0.15162E-05
  3121.9    -0.25463E-06
  3628.1     0.33565E-06
  4165.7     0.14815E-05
  4734.7     0.24074E-05
  5335.0     0.19676E-05
  5966.7     0.18287E-05
  6629.7     0.25000E-05
  7324.1     0.20718E-05
  8049.9     0.57870E-07
  8807.0    -0.26389E-05
  9595.5    -0.48032E-05
  10415.    -0.65278E-05
  11267.    -0.84838E-05
  12149.    -0.66319E-05
  13063.     0.21991E-05
  14008.     0.44444E-05
  14985.     0.36227E-05
  15993.     0.43403E-05
  17032.     0.19676E-05
  18103.      0.0000    
  19205.      0.0000    
  20339.      0.0000    
  21503.      0.0000    
  22699.      0.0000    
 0.131944448,  33
  42.500    -0.37500E-05
  200.92    -0.88773E-05
  456.28    -0.10336E-04
  743.00    -0.93403E-05
  1061.1    -0.78241E-05
  1410.5    -0.55093E-05
  1791.3    -0.35880E-05
  2203.5    -0.26042E-05
  2647.0    -0.11690E-05
  3121.9     0.92593E-07
  3628.1     0.69444E-06
  4165.7     0.18403E-05
  4734.7     0.27662E-05
  5335.0     0.23611E-05
  5966.7     0.22569E-05
  6629.7     0.29167E-05
  7324.1     0.24537E-05
  8049.9     0.39352E-06
  8807.0    -0.23495E-05
  9595.5    -0.45602E-05
  10415.    -0.63194E-05
  11267.    -0.83218E-05
  12149.    -0.65278E-05
  13063.     0.22222E-05
  14008.     0.44676E-05
  14985.     0.36458E-05
  15993.     0.43634E-05
  17032.     0.19792E-05
  18103.      0.0000    
  19205.      0.0000    
  20339.      0.0000    
  21503.      0.0000    
  22699.      0.0000    
 0.138888881,  33
  42.500    -0.35880E-05
  200.92    -0.85648E-05
  456.28    -0.99537E-05
  743.00    -0.89699E-05
  1061.1    -0.74884E-05
  1410.5    -0.51968E-05
  1791.3    -0.32755E-05
  2203.5    -0.22801E-05
  2647.0    -0.84491E-06
  3121.9     0.41667E-06
  3628.1     0.10301E-05
  4165.7     0.21759E-05
  4734.7     0.31134E-05
  5335.0     0.27199E-05
  5966.7     0.26505E-05
  6629.7     0.32986E-05
  7324.1     0.28009E-05
  8049.9     0.70602E-06
  8807.0    -0.20718E-05
  9595.5    -0.43287E-05
  10415.    -0.61343E-05
  11267.    -0.81713E-05
  12149.    -0.64352E-05
  13063.     0.22454E-05
  14008.     0.44907E-05
  14985.     0.36690E-05
  15993.     0.46528E-05
  17032.     0.18287E-05
  18103.      0.0000    
  19205.      0.0000    
  20339.      0.0000    
  21503.      0.0000    
  22699.      0.0000    
 0.145833328,  33
  42.500    -0.28241E-05
  200.92    -0.80324E-05
  456.28    -0.94676E-05
  743.00    -0.84491E-05
  1061.1    -0.70023E-05
  1410.5    -0.48032E-05
  1791.3    -0.29167E-05
  2203.5    -0.18866E-05
  2647.0    -0.42824E-06
  3121.9     0.83333E-06
  3628.1     0.14120E-05
  4165.7     0.25463E-05
  4734.7     0.35069E-05
  5335.0     0.31597E-05
  5966.7     0.31134E-05
  6629.7     0.37500E-05
  7324.1     0.32060E-05
  8049.9     0.10764E-05
  8807.0    -0.17593E-05
  9595.5    -0.40509E-05
  10415.    -0.59028E-05
  11267.    -0.79977E-05
  12149.    -0.63194E-05
  13063.     0.22685E-05
  14008.     0.45139E-05
  14985.     0.37037E-05
  15993.     0.46644E-05
  17032.     0.18403E-05
  18103.      0.0000    
  19205.      0.0000    
  20339.      0.0000    
  21503.      0.0000    
  22699.      0.0000    
 0.152777776,  33
  42.500    -0.32870E-05
  200.92    -0.81134E-05
  456.28    -0.92940E-05
  743.00    -0.81134E-05
  1061.1    -0.65741E-05
  1410.5    -0.44097E-05
  1791.3    -0.26042E-05
  2203.5    -0.16435E-05
  2647.0    -0.19676E-06
  3121.9     0.10648E-05
  3628.1     0.16551E-05
  4165.7     0.28009E-05
  4734.7     0.37616E-05
  5335.0     0.34491E-05
  5966.7     0.34144E-05
  6629.7     0.40509E-05
  7324.1     0.34722E-05
  8049.9     0.12963E-05
  8807.0    -0.15509E-05
  9595.5    -0.38657E-05
  10415.    -0.57523E-05
  11267.    -0.78704E-05
  12149.    -0.62500E-05
  13063.     0.22917E-05
  14008.     0.45370E-05
  14985.     0.37153E-05
  15993.     0.46759E-05
  17032.     0.18519E-05
  18103.      0.0000    
  19205.      0.0000    
  20339.      0.0000    
  21503.      0.0000    
  22699.      0.0000    
 0.159722224,  33
  42.500    -0.32523E-05
  200.92    -0.79398E-05
  456.28    -0.90625E-05
  743.00    -0.78704E-05
  1061.1    -0.63310E-05
  1410.5    -0.41551E-05
  1791.3    -0.23380E-05
  2203.5    -0.13773E-05
  2647.0     0.57870E-07
  3121.9     0.12963E-05
  3628.1     0.18866E-05
  4165.7     0.30208E-05
  4734.7     0.39931E-05
  5335.0     0.37153E-05
  5966.7     0.36921E-05
  6629.7     0.42940E-05
  7324.1     0.36921E-05
  8049.9     0.15046E-05
  8807.0    -0.13657E-05
  9595.5    -0.37153E-05
  10415.    -0.56250E-05
  11267.    -0.77662E-05
  12149.    -0.61806E-05
  13063.     0.23032E-05
  14008.     0.45486E-05
  14985.     0.37384E-05
  15993.     0.46875E-05
  17032.     0.18634E-05
  18103.      0.0000    
  19205.      0.0000    
  20339.      0.0000    
  21503.      0.0000    
  22699.      0.0000    
 0.166666672,  33
  42.500    -0.31134E-05
  200.92    -0.77199E-05
  456.28    -0.87963E-05
  743.00    -0.75810E-05
  1061.1    -0.60417E-05
  1410.5    -0.38889E-05
  1791.3    -0.20949E-05
  2203.5    -0.11111E-05
  2647.0     0.33565E-06
  3121.9     0.15741E-05
  3628.1     0.21759E-05
  4165.7     0.33102E-05
  4734.7     0.42824E-05
  5335.0     0.40046E-05
  5966.7     0.39931E-05
  6629.7     0.45833E-05
  7324.1     0.39583E-05
  8049.9     0.17361E-05
  8807.0    -0.11806E-05
  9595.5    -0.35532E-05
  10415.    -0.54745E-05
  11267.    -0.76505E-05
  12149.    -0.61111E-05
  13063.     0.23148E-05
  14008.     0.45486E-05
  14985.     0.37500E-05
  15993.     0.46875E-05
  17032.     0.18750E-05
  18103.      0.0000    
  19205.      0.0000    
  20339.      0.0000    
  21503.      0.0000    
  22699.      0.0000    
 0.173611104,  33
  42.500    -0.29514E-05
  200.92    -0.75579E-05
  456.28    -0.86458E-05
  743.00    -0.74421E-05
  1061.1    -0.59144E-05
  1410.5    -0.37616E-05
  1791.3    -0.19560E-05
  2203.5    -0.94907E-06
  2647.0     0.48611E-06
  3121.9     0.17245E-05
  3628.1     0.23611E-05
  4165.7     0.35185E-05
  4734.7     0.44907E-05
  5335.0     0.42014E-05
  5966.7     0.41667E-05
  6629.7     0.47338E-05
  7324.1     0.40972E-05
  8049.9     0.18981E-05
  8807.0    -0.98380E-06
  9595.5    -0.33449E-05
  10415.    -0.52894E-05
  11267.    -0.75116E-05
  12149.    -0.60532E-05
  13063.     0.22338E-05
  14008.     0.45602E-05
  14985.     0.37731E-05
  15993.     0.46991E-05
  17032.     0.18750E-05
  18103.      0.0000    
  19205.      0.0000    
  20339.      0.0000    
  21503.      0.0000    
  22699.      0.0000    
 0.180555567,  33
  42.500    -0.30671E-05
  200.92    -0.75231E-05
  456.28    -0.85532E-05
  743.00    -0.73380E-05
  1061.1    -0.57870E-05
  1410.5    -0.36343E-05
  1791.3    -0.18403E-05
  2203.5    -0.83333E-06
  2647.0     0.60185E-06
  3121.9     0.18403E-05
  3628.1     0.24884E-05
  4165.7     0.36574E-05
  4734.7     0.46065E-05
  5335.0     0.43287E-05
  5966.7     0.43287E-05
  6629.7     0.49074E-05
  7324.1     0.42824E-05
  8049.9     0.20949E-05
  8807.0    -0.75231E-06
  9595.5    -0.30671E-05
  10415.    -0.49653E-05
  11267.    -0.72569E-05
  12149.    -0.60069E-05
  13063.     0.20833E-05
  14008.     0.45602E-05
  14985.     0.37731E-05
  15993.     0.46991E-05
  17032.     0.18750E-05
  18103.      0.0000    
  19205.      0.0000    
  20339.      0.0000    
  21503.      0.0000    
  22699.      0.0000    
 0.1875,  33
  42.500    -0.31944E-05
  200.92    -0.74884E-05
  456.28    -0.84606E-05
  743.00    -0.72454E-05
  1061.1    -0.56944E-05
  1410.5    -0.35532E-05
  1791.3    -0.17593E-05
  2203.5    -0.74074E-06
  2647.0     0.67130E-06
  3121.9     0.19213E-05
  3628.1     0.26273E-05
  4165.7     0.38079E-05
  4734.7     0.47569E-05
  5335.0     0.45023E-05
  5966.7     0.45139E-05
  6629.7     0.51042E-05
  7324.1     0.45023E-05
  8049.9     0.23958E-05
  8807.0    -0.37037E-06
  9595.5    -0.26389E-05
  10415.    -0.45602E-05
  11267.    -0.68981E-05
  12149.    -0.57176E-05
  13063.     0.22454E-05
  14008.     0.43519E-05
  14985.     0.37731E-05
  15993.     0.46991E-05
  17032.     0.18750E-05
  18103.      0.0000    
  19205.      0.0000    
  20339.      0.0000    
  21503.      0.0000    
  22699.      0.0000    
 0.194444433,  33
  42.500    -0.31366E-05
  200.92    -0.74769E-05
  456.28    -0.84491E-05
  743.00    -0.72338E-05
  1061.1    -0.56597E-05
  1410.5    -0.35069E-05
  1791.3    -0.17245E-05
  2203.5    -0.70602E-06
  2647.0     0.71759E-06
  3121.9     0.19560E-05
  3628.1     0.26505E-05
  4165.7     0.38426E-05
  4734.7     0.47685E-05
  5335.0     0.44907E-05
  5966.7     0.45023E-05
  6629.7     0.50810E-05
  7324.1     0.44792E-05
  8049.9     0.23843E-05
  8807.0    -0.32407E-06
  9595.5    -0.24190E-05
  10415.    -0.40162E-05
  11267.    -0.60648E-05
  12149.    -0.50347E-05
  13063.     0.22569E-05
  14008.     0.44097E-05
  14985.     0.36227E-05
  15993.     0.46875E-05
  17032.     0.18750E-05
  18103.      0.0000    
  19205.      0.0000    
  20339.      0.0000    
  21503.      0.0000    
  22699.      0.0000    
 0.201388896,  33
  42.500    -0.30903E-05
  200.92    -0.74884E-05
  456.28    -0.84954E-05
  743.00    -0.72685E-05
  1061.1    -0.56713E-05
  1410.5    -0.35185E-05
  1791.3    -0.17477E-05
  2203.5    -0.71759E-06
  2647.0     0.70602E-06
  3121.9     0.19444E-05
  3628.1     0.26505E-05
  4165.7     0.38079E-05
  4734.7     0.47222E-05
  5335.0     0.44560E-05
  5966.7     0.44907E-05
  6629.7     0.50694E-05
  7324.1     0.44676E-05
  8049.9     0.23843E-05
  8807.0    -0.27778E-06
  9595.5    -0.22454E-05
  10415.    -0.36921E-05
  11267.    -0.55556E-05
  12149.    -0.41667E-05
  13063.     0.36806E-05
  14008.     0.46875E-05
  14985.     0.38773E-05
  15993.     0.45602E-05
  17032.     0.18750E-05
  18103.      0.0000    
  19205.      0.0000    
  20339.      0.0000    
  21503.      0.0000    
  22699.      0.0000    
 0.208333328,  33
  42.500    -0.31713E-05
  200.92    -0.75926E-05
  456.28    -0.86227E-05
  743.00    -0.74074E-05
  1061.1    -0.57870E-05
  1410.5    -0.36227E-05
  1791.3    -0.18287E-05
  2203.5    -0.78704E-06
  2647.0     0.62500E-06
  3121.9     0.18634E-05
  3628.1     0.25810E-05
  4165.7     0.37616E-05
  4734.7     0.46528E-05
  5335.0     0.43866E-05
  5966.7     0.44444E-05
  6629.7     0.50694E-05
  7324.1     0.45370E-05
  8049.9     0.25579E-05
  8807.0     0.11574E-07
  9595.5    -0.18981E-05
  10415.    -0.32176E-05
  11267.    -0.48032E-05
  12149.    -0.30556E-05
  13063.     0.51505E-05
  14008.     0.46528E-05
  14985.     0.35185E-05
  15993.     0.45023E-05
  17032.     0.18171E-05
  18103.      0.0000    
  19205.      0.0000    
  20339.      0.0000    
  21503.      0.0000    
  22699.      0.0000    
 0.215277776,  33
  42.500    -0.33449E-05
  200.92    -0.77083E-05
  456.28    -0.87153E-05
  743.00    -0.75000E-05
  1061.1    -0.58796E-05
  1410.5    -0.37037E-05
  1791.3    -0.18981E-05
  2203.5    -0.84491E-06
  2647.0     0.56713E-06
  3121.9     0.18056E-05
  3628.1     0.25463E-05
  4165.7     0.37153E-05
  4734.7     0.45949E-05
  5335.0     0.43287E-05
  5966.7     0.43634E-05
  6629.7     0.49769E-05
  7324.1     0.44792E-05
  8049.9     0.25926E-05
  8807.0     0.16204E-06
  9595.5    -0.16088E-05
  10415.    -0.27315E-05
  11267.    -0.41551E-05
  12149.    -0.24421E-05
  13063.     0.54977E-05
  14008.     0.46296E-05
  14985.     0.35648E-05
  15993.     0.43403E-05
  17032.     0.17940E-05
  18103.      0.0000    
  19205.      0.0000    
  20339.      0.0000    
  21503.      0.0000    
  22699.      0.0000    
 0.222222224,  33
  42.500    -0.34954E-05
  200.92    -0.78472E-05
  456.28    -0.88542E-05
  743.00    -0.76273E-05
  1061.1    -0.59838E-05
  1410.5    -0.38079E-05
  1791.3    -0.20370E-05
  2203.5    -0.98380E-06
  2647.0     0.43981E-06
  3121.9     0.16782E-05
  3628.1     0.24074E-05
  4165.7     0.35880E-05
  4734.7     0.44676E-05
  5335.0     0.41898E-05
  5966.7     0.42361E-05
  6629.7     0.48727E-05
  7324.1     0.44097E-05
  8049.9     0.25926E-05
  8807.0     0.25463E-06
  9595.5    -0.13773E-05
  10415.    -0.23264E-05
  11267.    -0.34722E-05
  12149.    -0.14931E-05
  13063.     0.66204E-05
  14008.     0.48495E-05
  14985.     0.30671E-05
  15993.     0.42130E-05
  17032.     0.17824E-05
  18103.      0.0000    
  19205.      0.0000    
  20339.      0.0000    
  21503.      0.0000    
  22699.      0.0000    
 0.229166672,  33
  42.500    -0.36343E-05
  200.92    -0.80556E-05
  456.28    -0.90972E-05
  743.00    -0.78819E-05
  1061.1    -0.62384E-05
  1410.5    -0.40394E-05
  1791.3    -0.22685E-05
  2203.5    -0.12153E-05
  2647.0     0.21991E-06
  3121.9     0.14699E-05
  3628.1     0.21875E-05
  4165.7     0.33449E-05
  4734.7     0.42130E-05
  5335.0     0.39352E-05
  5966.7     0.40046E-05
  6629.7     0.46644E-05
  7324.1     0.42824E-05
  8049.9     0.25694E-05
  8807.0     0.41667E-06
  9595.5    -0.93750E-06
  10415.    -0.15394E-05
  11267.    -0.23727E-05
  12149.    -0.24306E-06
  13063.     0.78009E-05
  14008.     0.44329E-05
  14985.     0.27431E-05
  15993.     0.41551E-05
  17032.     0.17477E-05
  18103.      0.0000    
  19205.      0.0000    
  20339.      0.0000    
  21503.      0.0000    
  22699.      0.0000    
 0.236111104,  33
  42.500    -0.39468E-05
  200.92    -0.83218E-05
  456.28    -0.93403E-05
  743.00    -0.81250E-05
  1061.1    -0.64583E-05
  1410.5    -0.42477E-05
  1791.3    -0.24421E-05
  2203.5    -0.13889E-05
  2647.0     0.34722E-07
  3121.9     0.12847E-05
  3628.1     0.20255E-05
  4165.7     0.32060E-05
  4734.7     0.40625E-05
  5335.0     0.37616E-05
  5966.7     0.38310E-05
  6629.7     0.45139E-05
  7324.1     0.41667E-05
  8049.9     0.25579E-05
  8807.0     0.55556E-06
  9595.5    -0.53241E-06
  10415.    -0.85648E-06
  11267.    -0.16088E-05
  12149.     0.43981E-06
  13063.     0.84028E-05
  14008.     0.49653E-05
  14985.     0.24884E-05
  15993.     0.40162E-05
  17032.     0.17477E-05
  18103.      0.0000    
  19205.      0.0000    
  20339.      0.0000    
  21503.      0.0000    
  22699.      0.0000    
 0.243055567,  33
  42.500    -0.40509E-05
  200.92    -0.85301E-05
  456.28    -0.95949E-05
  743.00    -0.83796E-05
  1061.1    -0.66782E-05
  1410.5    -0.44560E-05
  1791.3    -0.26505E-05
  2203.5    -0.15741E-05
  2647.0    -0.12731E-06
  3121.9     0.11343E-05
  3628.1     0.18866E-05
  4165.7     0.30787E-05
  4734.7     0.39120E-05
  5335.0     0.35880E-05
  5966.7     0.36574E-05
  6629.7     0.43750E-05
  7324.1     0.40972E-05
  8049.9     0.25579E-05
  8807.0     0.71759E-06
  9595.5    -0.10417E-06
  10415.    -0.13889E-06
  11267.    -0.72917E-06
  12149.     0.13773E-05
  13063.     0.93866E-05
  14008.     0.36921E-05
  14985.     0.23264E-05
  15993.     0.39699E-05
  17032.     0.17130E-05
  18103.      0.0000    
  19205.      0.0000    
  20339.      0.0000    
  21503.      0.0000    
  22699.      0.0000    
 0.25,  33
  42.500    -0.39815E-05
  200.92    -0.86806E-05
  456.28    -0.99074E-05
  743.00    -0.87616E-05
  1061.1    -0.70255E-05
  1410.5    -0.47338E-05
  1791.3    -0.28935E-05
  2203.5    -0.18056E-05
  2647.0    -0.38194E-06
  3121.9     0.87963E-06
  3628.1     0.16551E-05
  4165.7     0.28472E-05
  4734.7     0.36574E-05
  5335.0     0.33218E-05
  5966.7     0.33912E-05
  6629.7     0.41782E-05
  7324.1     0.39931E-05
  8049.9     0.26042E-05
  8807.0     0.94907E-06
  9595.5     0.40509E-06
  10415.     0.82176E-06
  11267.     0.53241E-06
  12149.     0.19907E-05
  13063.     0.81944E-05
  14008.     0.29514E-05
  14985.     0.24306E-05
  15993.     0.37616E-05
  17032.     0.16898E-05
  18103.      0.0000    
  19205.      0.0000    
  20339.      0.0000    
  21503.      0.0000    
  22699.      0.0000    
