 z[m] p[mb]  tls[K/s] qls[kg/kg/s] uls  vls  wls[m/s]
 0.,  4,   1015.4      day, nlevels, pres0
0.    -999.   -2.893e-5   -1.157e-8   -9.90   -3.80     0.00000
2260. -999.   -2.893e-5    0.231e-9   -5.38   -3.80    -0.00500
2980. -999.   -2.893e-5    4.000e-9   -3.94   -3.80    -0.00500
4500. -999.   -2.893e-5    4.000e-9   -0.90   -3.80    -0.00500
 100.,  4,   1015.4      day, nlevels, pres0
0.    -999.   -2.893e-5   -1.157e-8   -9.90   -3.80     0.00000
2260. -999.   -2.893e-5    0.231e-9   -5.38   -3.80    -0.00500
2980. -999.   -2.893e-5    4.000e-9   -3.94   -3.80    -0.00500
4500. -999.   -2.893e-5    4.000e-9   -0.90   -3.80    -0.00500

