25.00000000 1 50.00000000
75.00000000 2 50.00000000
125.0000000 3 50.00000000
175.0000000 4 50.00000000
225.0000000 5 50.00000000
275.0000000 6 50.00000000
325.0000000 7 50.00000000
375.0000000 8 50.00000000
425.0000000 9 50.00000000
475.0000000 10 50.00000000
525.0000000 11 50.00000000
575.0000000 12 50.00000000
625.0000000 13 50.00000000
675.0000000 14 50.00000000
725.0000000 15 50.00000000
775.0000000 16 50.00000000
825.0000000 17 50.00000000
875.0000000 18 50.00000000
925.0000000 19 50.00000000
975.0000000 20 50.00000000
1025.000000 21 50.00000000
1075.000000 22 50.00000000
1125.000000 23 50.00000000
1175.000000 24 50.00000000
1225.000000 25 50.00000000
1275.000000 26 50.00000000
1325.000000 27 50.00000000
1375.000000 28 50.00000000
1425.000000 29 50.00000000
1475.000000 30 50.00000000
1525.000000 31 50.00000000
1575.000000 32 50.00000000
1625.000000 33 50.00000000
1675.000000 34 50.00000000
1725.000000 35 50.00000000
1775.000000 36 50.00000000
1825.000000 37 50.00000000
1875.000000 38 50.00000000
1925.000000 39 50.00000000
1975.000000 40 50.00000000
2025.000000 41 50.00000000
2075.000000 42 50.00000000
2125.000000 43 50.00000000
2175.000000 44 50.00000000
2225.000000 45 50.00000000
2275.000000 46 50.00000000
2325.000000 47 50.00000000
2375.000000 48 50.00000000
2425.000000 49 50.00000000
2475.000000 50 50.00000000
2525.000000 51 50.00000000
2575.000000 52 50.00000000
2625.000000 53 50.00000000
2675.000000 54 50.00000000
2725.000000 55 50.00000000
2775.000000 56 50.00000000
2825.000000 57 50.00000000
2875.000000 58 50.00000000
2925.000000 59 50.00000000
2975.000000 60 50.00000000
3025.000000 61 50.00000000
3075.000000 62 50.00000000
3125.000000 63 50.00000000
3175.000000 64 50.00000000
3225.000000 65 50.00000000
3275.000000 66 50.00000000
3325.000000 67 50.00000000
3375.000000 68 50.00000000
3425.000000 69 50.00000000
3475.000000 70 50.00000000
3525.000000 71 50.00000000
3575.000000 72 50.00000000
3625.000000 73 50.00000000
3675.000000 74 50.00000000
3725.000000 75 50.00000000
3775.000000 76 50.00000000
3825.000000 77 50.00000000
3875.000000 78 50.00000000
3925.000000 79 50.00000000
3975.000000 80 50.00000000
4025.000000 81 50.00000000
4082.640137 82 57.64013672
4157.895508 83 75.25537109
4256.149414 84 98.25390625
4384.430664 85 128.2812500
4551.915527 86 167.4848633
4770.584961 87 218.6694336
5056.081055 88 285.4960938
5428.827148 89 372.7460938
5915.487305 90 486.6601562
6550.874023 91 635.3867188
7763.
8931.
10048.
11116.
12141.
13138.
14115.
15063.
15984.
16897.
18052.
19710.
21910.
24721.
28235.
32506.
37416.
