 z[m] p[mb]  tls[K/s] qls[kg/kg/s] uls  vls  wls[m/s]
 0.479,  4   970. day, nlevels, pres0
0.	-999. -3.47e-05	2.222e-08	10.	0.	0.
1000.	-999. -3.47e-05 2.222e-08	10.	0.	0.
3000.	-999. 0.	0.		10.	0.	0.
6000.	-999. 0.	0.		10.	0.	0.
 0.604,  4   970. day, nlevels, pres0
0.	-999. 0.	5.555e-09	10.     0.      0.
1000.	-999. 0.        5.555e-09	10.     0.      0.
3000.	-999. 0.	0.		10.     0.      0.
6000.	-999. 0.	0.		10.     0.      0.
 0.729,  4   970. day, nlevels, pres0
0.	-999. 0.	-1.111e-08	10.     0.      0.
1000.	-999. 0.        -1.111e-08	10.     0.      0.
3000.	-999. 0.	0.		10.     0.      0.
6000.	-999. 0.	0.		10.     0.      0.
 0.854,  4   970. day, nlevels, pres0
0.	-999. -2.222e-5	-2.777e-08	10.     0.      0.
1000.	-999. -2.222e-5 -2.777e-08	10.     0.      0.
3000.	-999. 0.	0.		10.     0.      0.
6000.	-999. 0.	0.		10.     0.      0.
 1.000,  4   970. day, nlevels, pres0
0.	-999. -4.444e-5	-4.444e-08	10.     0.      0.
1000.	-999. -4.444e-5 -4.444e-08	10.     0.      0.
3000.	-999. 0.	0.		10.     0.      0.
6000.	-999. 0.	0.		10.     0.      0.
 1.09,  4  970. day, nlevels, pres0
0.	-999. -7.222e-5	-8.333e-08	10.     0.      0.
1000.	-999. -7.222e-5 -8.333e-08	10.     0.      0.
3000.	-999. 0.	0.		10.     0.      0.
6000.	-999. 0.	0.		10.     0.      0.

