 z[m] p[mb]  tls[K/s] qls[kg/kg/s] uls  vls  wls[m/s]
 0.,  6   1015. day, nlevels, pres0
0.	-999.   0.  0.	7.00    -5.5	 0.
300.	-999.   0.  0.	7.00    -5.5	-0.0011
500.	-999.   0.  0.	7.00	-5.5    -0.0019
1500.	-999.   0.  0.  7.00	-5.5	-0.0056
2100.   -999.   0.  0.  7.00    -5.5      0.     
2500.   -999.   0.  0.  7.00    -5.5      0.  
 1000.,  6   1015. day, nlevels, pres0
0.	-999.   0.  0.	7.00    -5.5	 0.
300.	-999.   0.  0.	7.00    -5.5	-0.0011
500.	-999.   0.  0.	7.00	-5.5    -0.0019
1500.	-999.   0.  0.  7.00	-5.5	-0.0056
2100.   -999.   0.  0.  7.00    -5.5      0.     
2500.   -999.   0.  0.  7.00    -5.5      0.  

