 z[m] p[mb] tp[K] q[g/kg] u[m/s] v[m/s]
 0.,  301, 1017.80  day,levels,pres0
   0.0 -999.0 289.00   9.00   7.00  -5.50
   5.0 -999.0 289.00   9.00   7.00  -5.50
  10.0 -999.0 289.00   9.00   7.00  -5.50
  15.0 -999.0 289.00   9.00   7.00  -5.50
  20.0 -999.0 289.00   9.00   7.00  -5.50
  25.0 -999.0 289.00   9.00   7.00  -5.50
  30.0 -999.0 289.00   9.00   7.00  -5.50
  35.0 -999.0 289.00   9.00   7.00  -5.50
  40.0 -999.0 289.00   9.00   7.00  -5.50
  45.0 -999.0 289.00   9.00   7.00  -5.50
  50.0 -999.0 289.00   9.00   7.00  -5.50
  55.0 -999.0 289.00   9.00   7.00  -5.50
  60.0 -999.0 289.00   9.00   7.00  -5.50
  65.0 -999.0 289.00   9.00   7.00  -5.50
  70.0 -999.0 289.00   9.00   7.00  -5.50
  75.0 -999.0 289.00   9.00   7.00  -5.50
  80.0 -999.0 289.00   9.00   7.00  -5.50
  85.0 -999.0 289.00   9.00   7.00  -5.50
  90.0 -999.0 289.00   9.00   7.00  -5.50
  95.0 -999.0 289.00   9.00   7.00  -5.50
 100.0 -999.0 289.00   9.00   7.00  -5.50
 105.0 -999.0 289.00   9.00   7.00  -5.50
 110.0 -999.0 289.00   9.00   7.00  -5.50
 115.0 -999.0 289.00   9.00   7.00  -5.50
 120.0 -999.0 289.00   9.00   7.00  -5.50
 125.0 -999.0 289.00   9.00   7.00  -5.50
 130.0 -999.0 289.00   9.00   7.00  -5.50
 135.0 -999.0 289.00   9.00   7.00  -5.50
 140.0 -999.0 289.00   9.00   7.00  -5.50
 145.0 -999.0 289.00   9.00   7.00  -5.50
 150.0 -999.0 289.00   9.00   7.00  -5.50
 155.0 -999.0 289.00   9.00   7.00  -5.50
 160.0 -999.0 289.00   9.00   7.00  -5.50
 165.0 -999.0 289.00   9.00   7.00  -5.50
 170.0 -999.0 289.00   9.00   7.00  -5.50
 175.0 -999.0 289.00   9.00   7.00  -5.50
 180.0 -999.0 289.00   9.00   7.00  -5.50
 185.0 -999.0 289.00   9.00   7.00  -5.50
 190.0 -999.0 289.00   9.00   7.00  -5.50
 195.0 -999.0 289.00   9.00   7.00  -5.50
 200.0 -999.0 289.00   9.00   7.00  -5.50
 205.0 -999.0 289.00   9.00   7.00  -5.50
 210.0 -999.0 289.00   9.00   7.00  -5.50
 215.0 -999.0 289.00   9.00   7.00  -5.50
 220.0 -999.0 289.00   9.00   7.00  -5.50
 225.0 -999.0 289.00   9.00   7.00  -5.50
 230.0 -999.0 289.00   9.00   7.00  -5.50
 235.0 -999.0 289.00   9.00   7.00  -5.50
 240.0 -999.0 289.00   9.00   7.00  -5.50
 245.0 -999.0 289.00   9.00   7.00  -5.50
 250.0 -999.0 289.00   9.00   7.00  -5.50
 255.0 -999.0 289.00   9.00   7.00  -5.50
 260.0 -999.0 289.00   9.00   7.00  -5.50
 265.0 -999.0 289.00   9.00   7.00  -5.50
 270.0 -999.0 289.00   9.00   7.00  -5.50
 275.0 -999.0 289.00   9.00   7.00  -5.50
 280.0 -999.0 289.00   9.00   7.00  -5.50
 285.0 -999.0 289.00   9.00   7.00  -5.50
 290.0 -999.0 289.00   9.00   7.00  -5.50
 295.0 -999.0 289.00   9.00   7.00  -5.50
 300.0 -999.0 289.00   9.00   7.00  -5.50
 305.0 -999.0 289.00   9.00   7.00  -5.50
 310.0 -999.0 289.00   9.00   7.00  -5.50
 315.0 -999.0 289.00   9.00   7.00  -5.50
 320.0 -999.0 289.00   9.00   7.00  -5.50
 325.0 -999.0 289.00   9.00   7.00  -5.50
 330.0 -999.0 289.00   9.00   7.00  -5.50
 335.0 -999.0 289.00   9.00   7.00  -5.50
 340.0 -999.0 289.00   9.00   7.00  -5.50
 345.0 -999.0 289.00   9.00   7.00  -5.50
 350.0 -999.0 289.00   9.00   7.00  -5.50
 355.0 -999.0 289.00   9.00   7.00  -5.50
 360.0 -999.0 289.00   9.00   7.00  -5.50
 365.0 -999.0 289.00   9.00   7.00  -5.50
 370.0 -999.0 289.00   9.00   7.00  -5.50
 375.0 -999.0 289.00   9.00   7.00  -5.50
 380.0 -999.0 289.00   9.00   7.00  -5.50
 385.0 -999.0 289.00   9.00   7.00  -5.50
 390.0 -999.0 289.00   9.00   7.00  -5.50
 395.0 -999.0 289.00   9.00   7.00  -5.50
 400.0 -999.0 289.00   9.00   7.00  -5.50
 405.0 -999.0 289.00   9.00   7.00  -5.50
 410.0 -999.0 289.00   9.00   7.00  -5.50
 415.0 -999.0 289.00   9.00   7.00  -5.50
 420.0 -999.0 289.00   9.00   7.00  -5.50
 425.0 -999.0 289.00   9.00   7.00  -5.50
 430.0 -999.0 289.00   9.00   7.00  -5.50
 435.0 -999.0 289.00   9.00   7.00  -5.50
 440.0 -999.0 289.00   9.00   7.00  -5.50
 445.0 -999.0 289.00   9.00   7.00  -5.50
 450.0 -999.0 289.00   9.00   7.00  -5.50
 455.0 -999.0 289.00   9.00   7.00  -5.50
 460.0 -999.0 289.00   9.00   7.00  -5.50
 465.0 -999.0 289.00   9.00   7.00  -5.50
 470.0 -999.0 289.00   9.00   7.00  -5.50
 475.0 -999.0 289.00   9.00   7.00  -5.50
 480.0 -999.0 289.00   9.00   7.00  -5.50
 485.0 -999.0 289.00   9.00   7.00  -5.50
 490.0 -999.0 289.00   9.00   7.00  -5.50
 495.0 -999.0 289.00   9.00   7.00  -5.50
 500.0 -999.0 289.00   9.00   7.00  -5.50
 505.0 -999.0 289.00   9.00   7.00  -5.50
 510.0 -999.0 289.00   9.00   7.00  -5.50
 515.0 -999.0 289.00   9.00   7.00  -5.50
 520.0 -999.0 289.00   9.00   7.00  -5.50
 525.0 -999.0 289.00   9.00   7.00  -5.50
 530.0 -999.0 289.00   9.00   7.00  -5.50
 535.0 -999.0 289.00   9.00   7.00  -5.50
 540.0 -999.0 289.00   9.00   7.00  -5.50
 545.0 -999.0 289.00   9.00   7.00  -5.50
 550.0 -999.0 289.00   9.00   7.00  -5.50
 555.0 -999.0 289.00   9.00   7.00  -5.50
 560.0 -999.0 289.00   9.00   7.00  -5.50
 565.0 -999.0 289.00   9.00   7.00  -5.50
 570.0 -999.0 289.00   9.00   7.00  -5.50
 575.0 -999.0 289.00   9.00   7.00  -5.50
 580.0 -999.0 289.00   9.00   7.00  -5.50
 585.0 -999.0 289.00   9.00   7.00  -5.50
 590.0 -999.0 289.00   9.00   7.00  -5.50
 595.0 -999.0 289.00   9.00   7.00  -5.50
 600.0 -999.0 289.00   9.00   7.00  -5.50
 605.0 -999.0 289.00   9.00   7.00  -5.50
 610.0 -999.0 289.00   9.00   7.00  -5.50
 615.0 -999.0 289.00   9.00   7.00  -5.50
 620.0 -999.0 289.00   9.00   7.00  -5.50
 625.0 -999.0 289.00   9.00   7.00  -5.50
 630.0 -999.0 289.00   9.00   7.00  -5.50
 635.0 -999.0 289.00   9.00   7.00  -5.50
 640.0 -999.0 289.00   9.00   7.00  -5.50
 645.0 -999.0 289.00   9.00   7.00  -5.50
 650.0 -999.0 289.00   9.00   7.00  -5.50
 655.0 -999.0 289.00   9.00   7.00  -5.50
 660.0 -999.0 289.00   9.00   7.00  -5.50
 665.0 -999.0 289.00   9.00   7.00  -5.50
 670.0 -999.0 289.00   9.00   7.00  -5.50
 675.0 -999.0 289.00   9.00   7.00  -5.50
 680.0 -999.0 289.00   9.00   7.00  -5.50
 685.0 -999.0 289.00   9.00   7.00  -5.50
 690.0 -999.0 289.00   9.00   7.00  -5.50
 695.0 -999.0 289.00   9.00   7.00  -5.50
 700.0 -999.0 289.00   9.00   7.00  -5.50
 705.0 -999.0 289.00   9.00   7.00  -5.50
 710.0 -999.0 289.00   9.00   7.00  -5.50
 715.0 -999.0 289.00   9.00   7.00  -5.50
 720.0 -999.0 289.00   9.00   7.00  -5.50
 725.0 -999.0 289.00   9.00   7.00  -5.50
 730.0 -999.0 289.00   9.00   7.00  -5.50
 735.0 -999.0 289.00   9.00   7.00  -5.50
 740.0 -999.0 289.00   9.00   7.00  -5.50
 745.0 -999.0 289.00   9.00   7.00  -5.50
 750.0 -999.0 289.00   9.00   7.00  -5.50
 755.0 -999.0 289.00   9.00   7.00  -5.50
 760.0 -999.0 289.00   9.00   7.00  -5.50
 765.0 -999.0 289.00   9.00   7.00  -5.50
 770.0 -999.0 289.00   9.00   7.00  -5.50
 775.0 -999.0 289.00   9.00   7.00  -5.50
 780.0 -999.0 289.00   9.00   7.00  -5.50
 785.0 -999.0 289.00   9.00   7.00  -5.50
 790.0 -999.0 289.00   9.00   7.00  -5.50
 795.0 -999.0 289.00   9.00   7.00  -5.50
 800.0 -999.0 289.00   9.00   7.00  -5.50
 805.0 -999.0 289.00   9.00   7.00  -5.50
 810.0 -999.0 289.00   9.00   7.00  -5.50
 815.0 -999.0 289.00   9.00   7.00  -5.50
 820.0 -999.0 289.00   9.00   7.00  -5.50
 825.0 -999.0 289.00   9.00   7.00  -5.50
 830.0 -999.0 289.00   9.00   7.00  -5.50
 835.0 -999.0 289.00   9.00   7.00  -5.50
 840.0 -999.0 289.00   9.00   7.00  -5.50
 845.0 -999.0 299.21   1.50   7.00  -5.50
 850.0 -999.0 299.65   1.50   7.00  -5.50
 855.0 -999.0 299.97   1.50   7.00  -5.50
 860.0 -999.0 300.21   1.50   7.00  -5.50
 865.0 -999.0 300.42   1.50   7.00  -5.50
 870.0 -999.0 300.61   1.50   7.00  -5.50
 875.0 -999.0 300.77   1.50   7.00  -5.50
 880.0 -999.0 300.92   1.50   7.00  -5.50
 885.0 -999.0 301.06   1.50   7.00  -5.50
 890.0 -999.0 301.18   1.50   7.00  -5.50
 895.0 -999.0 301.30   1.50   7.00  -5.50
 900.0 -999.0 301.41   1.50   7.00  -5.50
 905.0 -999.0 301.52   1.50   7.00  -5.50
 910.0 -999.0 301.62   1.50   7.00  -5.50
 915.0 -999.0 301.72   1.50   7.00  -5.50
 920.0 -999.0 301.81   1.50   7.00  -5.50
 925.0 -999.0 301.90   1.50   7.00  -5.50
 930.0 -999.0 301.98   1.50   7.00  -5.50
 935.0 -999.0 302.06   1.50   7.00  -5.50
 940.0 -999.0 302.14   1.50   7.00  -5.50
 945.0 -999.0 302.22   1.50   7.00  -5.50
 950.0 -999.0 302.29   1.50   7.00  -5.50
 955.0 -999.0 302.36   1.50   7.00  -5.50
 960.0 -999.0 302.43   1.50   7.00  -5.50
 965.0 -999.0 302.50   1.50   7.00  -5.50
 970.0 -999.0 302.57   1.50   7.00  -5.50
 975.0 -999.0 302.63   1.50   7.00  -5.50
 980.0 -999.0 302.69   1.50   7.00  -5.50
 985.0 -999.0 302.75   1.50   7.00  -5.50
 990.0 -999.0 302.81   1.50   7.00  -5.50
 995.0 -999.0 302.87   1.50   7.00  -5.50
1000.0 -999.0 302.93   1.50   7.00  -5.50
1005.0 -999.0 302.98   1.50   7.00  -5.50
1010.0 -999.0 303.04   1.50   7.00  -5.50
1015.0 -999.0 303.09   1.50   7.00  -5.50
1020.0 -999.0 303.15   1.50   7.00  -5.50
1025.0 -999.0 303.20   1.50   7.00  -5.50
1030.0 -999.0 303.25   1.50   7.00  -5.50
1035.0 -999.0 303.30   1.50   7.00  -5.50
1040.0 -999.0 303.35   1.50   7.00  -5.50
1045.0 -999.0 303.40   1.50   7.00  -5.50
1050.0 -999.0 303.44   1.50   7.00  -5.50
1055.0 -999.0 303.49   1.50   7.00  -5.50
1060.0 -999.0 303.54   1.50   7.00  -5.50
1065.0 -999.0 303.58   1.50   7.00  -5.50
1070.0 -999.0 303.63   1.50   7.00  -5.50
1075.0 -999.0 303.67   1.50   7.00  -5.50
1080.0 -999.0 303.71   1.50   7.00  -5.50
1085.0 -999.0 303.76   1.50   7.00  -5.50
1090.0 -999.0 303.80   1.50   7.00  -5.50
1095.0 -999.0 303.84   1.50   7.00  -5.50
1100.0 -999.0 303.88   1.50   7.00  -5.50
1105.0 -999.0 303.92   1.50   7.00  -5.50
1110.0 -999.0 303.96   1.50   7.00  -5.50
1115.0 -999.0 304.00   1.50   7.00  -5.50
1120.0 -999.0 304.04   1.50   7.00  -5.50
1125.0 -999.0 304.08   1.50   7.00  -5.50
1130.0 -999.0 304.12   1.50   7.00  -5.50
1135.0 -999.0 304.16   1.50   7.00  -5.50
1140.0 -999.0 304.19   1.50   7.00  -5.50
1145.0 -999.0 304.23   1.50   7.00  -5.50
1150.0 -999.0 304.27   1.50   7.00  -5.50
1155.0 -999.0 304.30   1.50   7.00  -5.50
1160.0 -999.0 304.34   1.50   7.00  -5.50
1165.0 -999.0 304.38   1.50   7.00  -5.50
1170.0 -999.0 304.41   1.50   7.00  -5.50
1175.0 -999.0 304.45   1.50   7.00  -5.50
1180.0 -999.0 304.48   1.50   7.00  -5.50
1185.0 -999.0 304.51   1.50   7.00  -5.50
1190.0 -999.0 304.55   1.50   7.00  -5.50
1195.0 -999.0 304.58   1.50   7.00  -5.50
1200.0 -999.0 304.61   1.50   7.00  -5.50
1205.0 -999.0 304.65   1.50   7.00  -5.50
1210.0 -999.0 304.68   1.50   7.00  -5.50
1215.0 -999.0 304.71   1.50   7.00  -5.50
1220.0 -999.0 304.74   1.50   7.00  -5.50
1225.0 -999.0 304.77   1.50   7.00  -5.50
1230.0 -999.0 304.81   1.50   7.00  -5.50
1235.0 -999.0 304.84   1.50   7.00  -5.50
1240.0 -999.0 304.87   1.50   7.00  -5.50
1245.0 -999.0 304.90   1.50   7.00  -5.50
1250.0 -999.0 304.93   1.50   7.00  -5.50
1255.0 -999.0 304.96   1.50   7.00  -5.50
1260.0 -999.0 304.99   1.50   7.00  -5.50
1265.0 -999.0 305.02   1.50   7.00  -5.50
1270.0 -999.0 305.05   1.50   7.00  -5.50
1275.0 -999.0 305.08   1.50   7.00  -5.50
1280.0 -999.0 305.11   1.50   7.00  -5.50
1285.0 -999.0 305.13   1.50   7.00  -5.50
1290.0 -999.0 305.16   1.50   7.00  -5.50
1295.0 -999.0 305.19   1.50   7.00  -5.50
1300.0 -999.0 305.22   1.50   7.00  -5.50
1305.0 -999.0 305.25   1.50   7.00  -5.50
1310.0 -999.0 305.27   1.50   7.00  -5.50
1315.0 -999.0 305.30   1.50   7.00  -5.50
1320.0 -999.0 305.33   1.50   7.00  -5.50
1325.0 -999.0 305.36   1.50   7.00  -5.50
1330.0 -999.0 305.38   1.50   7.00  -5.50
1335.0 -999.0 305.41   1.50   7.00  -5.50
1340.0 -999.0 305.44   1.50   7.00  -5.50
1345.0 -999.0 305.46   1.50   7.00  -5.50
1350.0 -999.0 305.49   1.50   7.00  -5.50
1355.0 -999.0 305.52   1.50   7.00  -5.50
1360.0 -999.0 305.54   1.50   7.00  -5.50
1365.0 -999.0 305.57   1.50   7.00  -5.50
1370.0 -999.0 305.59   1.50   7.00  -5.50
1375.0 -999.0 305.62   1.50   7.00  -5.50
1380.0 -999.0 305.64   1.50   7.00  -5.50
1385.0 -999.0 305.67   1.50   7.00  -5.50
1390.0 -999.0 305.69   1.50   7.00  -5.50
1395.0 -999.0 305.72   1.50   7.00  -5.50
1400.0 -999.0 305.74   1.50   7.00  -5.50
1405.0 -999.0 305.77   1.50   7.00  -5.50
1410.0 -999.0 305.79   1.50   7.00  -5.50
1415.0 -999.0 305.82   1.50   7.00  -5.50
1420.0 -999.0 305.84   1.50   7.00  -5.50
1425.0 -999.0 305.86   1.50   7.00  -5.50
1430.0 -999.0 305.89   1.50   7.00  -5.50
1435.0 -999.0 305.91   1.50   7.00  -5.50
1440.0 -999.0 305.93   1.50   7.00  -5.50
1445.0 -999.0 305.96   1.50   7.00  -5.50
1450.0 -999.0 305.98   1.50   7.00  -5.50
1455.0 -999.0 306.00   1.50   7.00  -5.50
1460.0 -999.0 306.03   1.50   7.00  -5.50
1465.0 -999.0 306.05   1.50   7.00  -5.50
1470.0 -999.0 306.07   1.50   7.00  -5.50
1475.0 -999.0 306.10   1.50   7.00  -5.50
1480.0 -999.0 306.12   1.50   7.00  -5.50
1485.0 -999.0 306.14   1.50   7.00  -5.50
1490.0 -999.0 306.16   1.50   7.00  -5.50
1495.0 -999.0 306.18   1.50   7.00  -5.50
1500.0 -999.0 306.21   1.50   7.00  -5.50
 1000.,  301, 1017.80  day,levels,pres0
   0.0 -999.0 289.00   9.00   7.00  -5.50
   5.0 -999.0 289.00   9.00   7.00  -5.50
  10.0 -999.0 289.00   9.00   7.00  -5.50
  15.0 -999.0 289.00   9.00   7.00  -5.50
  20.0 -999.0 289.00   9.00   7.00  -5.50
  25.0 -999.0 289.00   9.00   7.00  -5.50
  30.0 -999.0 289.00   9.00   7.00  -5.50
  35.0 -999.0 289.00   9.00   7.00  -5.50
  40.0 -999.0 289.00   9.00   7.00  -5.50
  45.0 -999.0 289.00   9.00   7.00  -5.50
  50.0 -999.0 289.00   9.00   7.00  -5.50
  55.0 -999.0 289.00   9.00   7.00  -5.50
  60.0 -999.0 289.00   9.00   7.00  -5.50
  65.0 -999.0 289.00   9.00   7.00  -5.50
  70.0 -999.0 289.00   9.00   7.00  -5.50
  75.0 -999.0 289.00   9.00   7.00  -5.50
  80.0 -999.0 289.00   9.00   7.00  -5.50
  85.0 -999.0 289.00   9.00   7.00  -5.50
  90.0 -999.0 289.00   9.00   7.00  -5.50
  95.0 -999.0 289.00   9.00   7.00  -5.50
 100.0 -999.0 289.00   9.00   7.00  -5.50
 105.0 -999.0 289.00   9.00   7.00  -5.50
 110.0 -999.0 289.00   9.00   7.00  -5.50
 115.0 -999.0 289.00   9.00   7.00  -5.50
 120.0 -999.0 289.00   9.00   7.00  -5.50
 125.0 -999.0 289.00   9.00   7.00  -5.50
 130.0 -999.0 289.00   9.00   7.00  -5.50
 135.0 -999.0 289.00   9.00   7.00  -5.50
 140.0 -999.0 289.00   9.00   7.00  -5.50
 145.0 -999.0 289.00   9.00   7.00  -5.50
 150.0 -999.0 289.00   9.00   7.00  -5.50
 155.0 -999.0 289.00   9.00   7.00  -5.50
 160.0 -999.0 289.00   9.00   7.00  -5.50
 165.0 -999.0 289.00   9.00   7.00  -5.50
 170.0 -999.0 289.00   9.00   7.00  -5.50
 175.0 -999.0 289.00   9.00   7.00  -5.50
 180.0 -999.0 289.00   9.00   7.00  -5.50
 185.0 -999.0 289.00   9.00   7.00  -5.50
 190.0 -999.0 289.00   9.00   7.00  -5.50
 195.0 -999.0 289.00   9.00   7.00  -5.50
 200.0 -999.0 289.00   9.00   7.00  -5.50
 205.0 -999.0 289.00   9.00   7.00  -5.50
 210.0 -999.0 289.00   9.00   7.00  -5.50
 215.0 -999.0 289.00   9.00   7.00  -5.50
 220.0 -999.0 289.00   9.00   7.00  -5.50
 225.0 -999.0 289.00   9.00   7.00  -5.50
 230.0 -999.0 289.00   9.00   7.00  -5.50
 235.0 -999.0 289.00   9.00   7.00  -5.50
 240.0 -999.0 289.00   9.00   7.00  -5.50
 245.0 -999.0 289.00   9.00   7.00  -5.50
 250.0 -999.0 289.00   9.00   7.00  -5.50
 255.0 -999.0 289.00   9.00   7.00  -5.50
 260.0 -999.0 289.00   9.00   7.00  -5.50
 265.0 -999.0 289.00   9.00   7.00  -5.50
 270.0 -999.0 289.00   9.00   7.00  -5.50
 275.0 -999.0 289.00   9.00   7.00  -5.50
 280.0 -999.0 289.00   9.00   7.00  -5.50
 285.0 -999.0 289.00   9.00   7.00  -5.50
 290.0 -999.0 289.00   9.00   7.00  -5.50
 295.0 -999.0 289.00   9.00   7.00  -5.50
 300.0 -999.0 289.00   9.00   7.00  -5.50
 305.0 -999.0 289.00   9.00   7.00  -5.50
 310.0 -999.0 289.00   9.00   7.00  -5.50
 315.0 -999.0 289.00   9.00   7.00  -5.50
 320.0 -999.0 289.00   9.00   7.00  -5.50
 325.0 -999.0 289.00   9.00   7.00  -5.50
 330.0 -999.0 289.00   9.00   7.00  -5.50
 335.0 -999.0 289.00   9.00   7.00  -5.50
 340.0 -999.0 289.00   9.00   7.00  -5.50
 345.0 -999.0 289.00   9.00   7.00  -5.50
 350.0 -999.0 289.00   9.00   7.00  -5.50
 355.0 -999.0 289.00   9.00   7.00  -5.50
 360.0 -999.0 289.00   9.00   7.00  -5.50
 365.0 -999.0 289.00   9.00   7.00  -5.50
 370.0 -999.0 289.00   9.00   7.00  -5.50
 375.0 -999.0 289.00   9.00   7.00  -5.50
 380.0 -999.0 289.00   9.00   7.00  -5.50
 385.0 -999.0 289.00   9.00   7.00  -5.50
 390.0 -999.0 289.00   9.00   7.00  -5.50
 395.0 -999.0 289.00   9.00   7.00  -5.50
 400.0 -999.0 289.00   9.00   7.00  -5.50
 405.0 -999.0 289.00   9.00   7.00  -5.50
 410.0 -999.0 289.00   9.00   7.00  -5.50
 415.0 -999.0 289.00   9.00   7.00  -5.50
 420.0 -999.0 289.00   9.00   7.00  -5.50
 425.0 -999.0 289.00   9.00   7.00  -5.50
 430.0 -999.0 289.00   9.00   7.00  -5.50
 435.0 -999.0 289.00   9.00   7.00  -5.50
 440.0 -999.0 289.00   9.00   7.00  -5.50
 445.0 -999.0 289.00   9.00   7.00  -5.50
 450.0 -999.0 289.00   9.00   7.00  -5.50
 455.0 -999.0 289.00   9.00   7.00  -5.50
 460.0 -999.0 289.00   9.00   7.00  -5.50
 465.0 -999.0 289.00   9.00   7.00  -5.50
 470.0 -999.0 289.00   9.00   7.00  -5.50
 475.0 -999.0 289.00   9.00   7.00  -5.50
 480.0 -999.0 289.00   9.00   7.00  -5.50
 485.0 -999.0 289.00   9.00   7.00  -5.50
 490.0 -999.0 289.00   9.00   7.00  -5.50
 495.0 -999.0 289.00   9.00   7.00  -5.50
 500.0 -999.0 289.00   9.00   7.00  -5.50
 505.0 -999.0 289.00   9.00   7.00  -5.50
 510.0 -999.0 289.00   9.00   7.00  -5.50
 515.0 -999.0 289.00   9.00   7.00  -5.50
 520.0 -999.0 289.00   9.00   7.00  -5.50
 525.0 -999.0 289.00   9.00   7.00  -5.50
 530.0 -999.0 289.00   9.00   7.00  -5.50
 535.0 -999.0 289.00   9.00   7.00  -5.50
 540.0 -999.0 289.00   9.00   7.00  -5.50
 545.0 -999.0 289.00   9.00   7.00  -5.50
 550.0 -999.0 289.00   9.00   7.00  -5.50
 555.0 -999.0 289.00   9.00   7.00  -5.50
 560.0 -999.0 289.00   9.00   7.00  -5.50
 565.0 -999.0 289.00   9.00   7.00  -5.50
 570.0 -999.0 289.00   9.00   7.00  -5.50
 575.0 -999.0 289.00   9.00   7.00  -5.50
 580.0 -999.0 289.00   9.00   7.00  -5.50
 585.0 -999.0 289.00   9.00   7.00  -5.50
 590.0 -999.0 289.00   9.00   7.00  -5.50
 595.0 -999.0 289.00   9.00   7.00  -5.50
 600.0 -999.0 289.00   9.00   7.00  -5.50
 605.0 -999.0 289.00   9.00   7.00  -5.50
 610.0 -999.0 289.00   9.00   7.00  -5.50
 615.0 -999.0 289.00   9.00   7.00  -5.50
 620.0 -999.0 289.00   9.00   7.00  -5.50
 625.0 -999.0 289.00   9.00   7.00  -5.50
 630.0 -999.0 289.00   9.00   7.00  -5.50
 635.0 -999.0 289.00   9.00   7.00  -5.50
 640.0 -999.0 289.00   9.00   7.00  -5.50
 645.0 -999.0 289.00   9.00   7.00  -5.50
 650.0 -999.0 289.00   9.00   7.00  -5.50
 655.0 -999.0 289.00   9.00   7.00  -5.50
 660.0 -999.0 289.00   9.00   7.00  -5.50
 665.0 -999.0 289.00   9.00   7.00  -5.50
 670.0 -999.0 289.00   9.00   7.00  -5.50
 675.0 -999.0 289.00   9.00   7.00  -5.50
 680.0 -999.0 289.00   9.00   7.00  -5.50
 685.0 -999.0 289.00   9.00   7.00  -5.50
 690.0 -999.0 289.00   9.00   7.00  -5.50
 695.0 -999.0 289.00   9.00   7.00  -5.50
 700.0 -999.0 289.00   9.00   7.00  -5.50
 705.0 -999.0 289.00   9.00   7.00  -5.50
 710.0 -999.0 289.00   9.00   7.00  -5.50
 715.0 -999.0 289.00   9.00   7.00  -5.50
 720.0 -999.0 289.00   9.00   7.00  -5.50
 725.0 -999.0 289.00   9.00   7.00  -5.50
 730.0 -999.0 289.00   9.00   7.00  -5.50
 735.0 -999.0 289.00   9.00   7.00  -5.50
 740.0 -999.0 289.00   9.00   7.00  -5.50
 745.0 -999.0 289.00   9.00   7.00  -5.50
 750.0 -999.0 289.00   9.00   7.00  -5.50
 755.0 -999.0 289.00   9.00   7.00  -5.50
 760.0 -999.0 289.00   9.00   7.00  -5.50
 765.0 -999.0 289.00   9.00   7.00  -5.50
 770.0 -999.0 289.00   9.00   7.00  -5.50
 775.0 -999.0 289.00   9.00   7.00  -5.50
 780.0 -999.0 289.00   9.00   7.00  -5.50
 785.0 -999.0 289.00   9.00   7.00  -5.50
 790.0 -999.0 289.00   9.00   7.00  -5.50
 795.0 -999.0 289.00   9.00   7.00  -5.50
 800.0 -999.0 289.00   9.00   7.00  -5.50
 805.0 -999.0 289.00   9.00   7.00  -5.50
 810.0 -999.0 289.00   9.00   7.00  -5.50
 815.0 -999.0 289.00   9.00   7.00  -5.50
 820.0 -999.0 289.00   9.00   7.00  -5.50
 825.0 -999.0 289.00   9.00   7.00  -5.50
 830.0 -999.0 289.00   9.00   7.00  -5.50
 835.0 -999.0 289.00   9.00   7.00  -5.50
 840.0 -999.0 289.00   9.00   7.00  -5.50
 845.0 -999.0 299.21   1.50   7.00  -5.50
 850.0 -999.0 299.65   1.50   7.00  -5.50
 855.0 -999.0 299.97   1.50   7.00  -5.50
 860.0 -999.0 300.21   1.50   7.00  -5.50
 865.0 -999.0 300.42   1.50   7.00  -5.50
 870.0 -999.0 300.61   1.50   7.00  -5.50
 875.0 -999.0 300.77   1.50   7.00  -5.50
 880.0 -999.0 300.92   1.50   7.00  -5.50
 885.0 -999.0 301.06   1.50   7.00  -5.50
 890.0 -999.0 301.18   1.50   7.00  -5.50
 895.0 -999.0 301.30   1.50   7.00  -5.50
 900.0 -999.0 301.41   1.50   7.00  -5.50
 905.0 -999.0 301.52   1.50   7.00  -5.50
 910.0 -999.0 301.62   1.50   7.00  -5.50
 915.0 -999.0 301.72   1.50   7.00  -5.50
 920.0 -999.0 301.81   1.50   7.00  -5.50
 925.0 -999.0 301.90   1.50   7.00  -5.50
 930.0 -999.0 301.98   1.50   7.00  -5.50
 935.0 -999.0 302.06   1.50   7.00  -5.50
 940.0 -999.0 302.14   1.50   7.00  -5.50
 945.0 -999.0 302.22   1.50   7.00  -5.50
 950.0 -999.0 302.29   1.50   7.00  -5.50
 955.0 -999.0 302.36   1.50   7.00  -5.50
 960.0 -999.0 302.43   1.50   7.00  -5.50
 965.0 -999.0 302.50   1.50   7.00  -5.50
 970.0 -999.0 302.57   1.50   7.00  -5.50
 975.0 -999.0 302.63   1.50   7.00  -5.50
 980.0 -999.0 302.69   1.50   7.00  -5.50
 985.0 -999.0 302.75   1.50   7.00  -5.50
 990.0 -999.0 302.81   1.50   7.00  -5.50
 995.0 -999.0 302.87   1.50   7.00  -5.50
1000.0 -999.0 302.93   1.50   7.00  -5.50
1005.0 -999.0 302.98   1.50   7.00  -5.50
1010.0 -999.0 303.04   1.50   7.00  -5.50
1015.0 -999.0 303.09   1.50   7.00  -5.50
1020.0 -999.0 303.15   1.50   7.00  -5.50
1025.0 -999.0 303.20   1.50   7.00  -5.50
1030.0 -999.0 303.25   1.50   7.00  -5.50
1035.0 -999.0 303.30   1.50   7.00  -5.50
1040.0 -999.0 303.35   1.50   7.00  -5.50
1045.0 -999.0 303.40   1.50   7.00  -5.50
1050.0 -999.0 303.44   1.50   7.00  -5.50
1055.0 -999.0 303.49   1.50   7.00  -5.50
1060.0 -999.0 303.54   1.50   7.00  -5.50
1065.0 -999.0 303.58   1.50   7.00  -5.50
1070.0 -999.0 303.63   1.50   7.00  -5.50
1075.0 -999.0 303.67   1.50   7.00  -5.50
1080.0 -999.0 303.71   1.50   7.00  -5.50
1085.0 -999.0 303.76   1.50   7.00  -5.50
1090.0 -999.0 303.80   1.50   7.00  -5.50
1095.0 -999.0 303.84   1.50   7.00  -5.50
1100.0 -999.0 303.88   1.50   7.00  -5.50
1105.0 -999.0 303.92   1.50   7.00  -5.50
1110.0 -999.0 303.96   1.50   7.00  -5.50
1115.0 -999.0 304.00   1.50   7.00  -5.50
1120.0 -999.0 304.04   1.50   7.00  -5.50
1125.0 -999.0 304.08   1.50   7.00  -5.50
1130.0 -999.0 304.12   1.50   7.00  -5.50
1135.0 -999.0 304.16   1.50   7.00  -5.50
1140.0 -999.0 304.19   1.50   7.00  -5.50
1145.0 -999.0 304.23   1.50   7.00  -5.50
1150.0 -999.0 304.27   1.50   7.00  -5.50
1155.0 -999.0 304.30   1.50   7.00  -5.50
1160.0 -999.0 304.34   1.50   7.00  -5.50
1165.0 -999.0 304.38   1.50   7.00  -5.50
1170.0 -999.0 304.41   1.50   7.00  -5.50
1175.0 -999.0 304.45   1.50   7.00  -5.50
1180.0 -999.0 304.48   1.50   7.00  -5.50
1185.0 -999.0 304.51   1.50   7.00  -5.50
1190.0 -999.0 304.55   1.50   7.00  -5.50
1195.0 -999.0 304.58   1.50   7.00  -5.50
1200.0 -999.0 304.61   1.50   7.00  -5.50
1205.0 -999.0 304.65   1.50   7.00  -5.50
1210.0 -999.0 304.68   1.50   7.00  -5.50
1215.0 -999.0 304.71   1.50   7.00  -5.50
1220.0 -999.0 304.74   1.50   7.00  -5.50
1225.0 -999.0 304.77   1.50   7.00  -5.50
1230.0 -999.0 304.81   1.50   7.00  -5.50
1235.0 -999.0 304.84   1.50   7.00  -5.50
1240.0 -999.0 304.87   1.50   7.00  -5.50
1245.0 -999.0 304.90   1.50   7.00  -5.50
1250.0 -999.0 304.93   1.50   7.00  -5.50
1255.0 -999.0 304.96   1.50   7.00  -5.50
1260.0 -999.0 304.99   1.50   7.00  -5.50
1265.0 -999.0 305.02   1.50   7.00  -5.50
1270.0 -999.0 305.05   1.50   7.00  -5.50
1275.0 -999.0 305.08   1.50   7.00  -5.50
1280.0 -999.0 305.11   1.50   7.00  -5.50
1285.0 -999.0 305.13   1.50   7.00  -5.50
1290.0 -999.0 305.16   1.50   7.00  -5.50
1295.0 -999.0 305.19   1.50   7.00  -5.50
1300.0 -999.0 305.22   1.50   7.00  -5.50
1305.0 -999.0 305.25   1.50   7.00  -5.50
1310.0 -999.0 305.27   1.50   7.00  -5.50
1315.0 -999.0 305.30   1.50   7.00  -5.50
1320.0 -999.0 305.33   1.50   7.00  -5.50
1325.0 -999.0 305.36   1.50   7.00  -5.50
1330.0 -999.0 305.38   1.50   7.00  -5.50
1335.0 -999.0 305.41   1.50   7.00  -5.50
1340.0 -999.0 305.44   1.50   7.00  -5.50
1345.0 -999.0 305.46   1.50   7.00  -5.50
1350.0 -999.0 305.49   1.50   7.00  -5.50
1355.0 -999.0 305.52   1.50   7.00  -5.50
1360.0 -999.0 305.54   1.50   7.00  -5.50
1365.0 -999.0 305.57   1.50   7.00  -5.50
1370.0 -999.0 305.59   1.50   7.00  -5.50
1375.0 -999.0 305.62   1.50   7.00  -5.50
1380.0 -999.0 305.64   1.50   7.00  -5.50
1385.0 -999.0 305.67   1.50   7.00  -5.50
1390.0 -999.0 305.69   1.50   7.00  -5.50
1395.0 -999.0 305.72   1.50   7.00  -5.50
1400.0 -999.0 305.74   1.50   7.00  -5.50
1405.0 -999.0 305.77   1.50   7.00  -5.50
1410.0 -999.0 305.79   1.50   7.00  -5.50
1415.0 -999.0 305.82   1.50   7.00  -5.50
1420.0 -999.0 305.84   1.50   7.00  -5.50
1425.0 -999.0 305.86   1.50   7.00  -5.50
1430.0 -999.0 305.89   1.50   7.00  -5.50
1435.0 -999.0 305.91   1.50   7.00  -5.50
1440.0 -999.0 305.93   1.50   7.00  -5.50
1445.0 -999.0 305.96   1.50   7.00  -5.50
1450.0 -999.0 305.98   1.50   7.00  -5.50
1455.0 -999.0 306.00   1.50   7.00  -5.50
1460.0 -999.0 306.03   1.50   7.00  -5.50
1465.0 -999.0 306.05   1.50   7.00  -5.50
1470.0 -999.0 306.07   1.50   7.00  -5.50
1475.0 -999.0 306.10   1.50   7.00  -5.50
1480.0 -999.0 306.12   1.50   7.00  -5.50
1485.0 -999.0 306.14   1.50   7.00  -5.50
1490.0 -999.0 306.16   1.50   7.00  -5.50
1495.0 -999.0 306.18   1.50   7.00  -5.50
1500.0 -999.0 306.21   1.50   7.00  -5.50
