 p[mb] (dt/dt)rad [K/s]
   243.0000     ,  33  day,levels
      1006.68  -0.3200E-04
       993.76  -0.2633E-04
       977.87  -0.1935E-04
       959.12  -0.1112E-04
       937.67  -0.7770E-05
       913.70  -0.9033E-05
       887.38  -0.1042E-04
       858.91  -0.1192E-04
       828.51  -0.1300E-04
       796.40  -0.1390E-04
       762.83  -0.1485E-04
       728.03  -0.1530E-04
       692.23  -0.1544E-04
       655.67  -0.1559E-04
       618.59  -0.1640E-04
       581.27  -0.1735E-04
       543.94  -0.1808E-04
       506.84  -0.1772E-04
       470.17  -0.1736E-04
       434.13  -0.1683E-04
       398.88  -0.1607E-04
       364.59  -0.1534E-04
       331.38  -0.1424E-04
       299.38  -0.1290E-04
       268.72  -0.1161E-04
       239.49  -0.1020E-04
       211.81  -0.8555E-05
       185.81  -0.7008E-05
       161.60  -0.5568E-05
       139.36  -0.4244E-05
       119.24   0.0000E+00
       101.39   0.0000E+00
        85.80   0.0000E+00
   243.0417     ,  33  day,levels
      1006.68  -0.3200E-04
       993.76  -0.2633E-04
       977.87  -0.1935E-04
       959.12  -0.1112E-04
       937.67  -0.7770E-05
       913.70  -0.9033E-05
       887.38  -0.1042E-04
       858.91  -0.1192E-04
       828.51  -0.1300E-04
       796.40  -0.1390E-04
       762.83  -0.1485E-04
       728.03  -0.1530E-04
       692.23  -0.1544E-04
       655.67  -0.1559E-04
       618.59  -0.1640E-04
       581.27  -0.1735E-04
       543.94  -0.1808E-04
       506.84  -0.1772E-04
       470.17  -0.1736E-04
       434.13  -0.1683E-04
       398.88  -0.1607E-04
       364.59  -0.1534E-04
       331.38  -0.1424E-04
       299.38  -0.1290E-04
       268.72  -0.1161E-04
       239.49  -0.1020E-04
       211.81  -0.8555E-05
       185.81  -0.7008E-05
       161.60  -0.5568E-05
       139.36  -0.4244E-05
       119.24   0.0000E+00
       101.39   0.0000E+00
        85.80   0.0000E+00
   243.0833     ,  33  day,levels
      1006.68  -0.3200E-04
       993.76  -0.2633E-04
       977.87  -0.1935E-04
       959.12  -0.1112E-04
       937.67  -0.7770E-05
       913.70  -0.9033E-05
       887.38  -0.1042E-04
       858.91  -0.1192E-04
       828.51  -0.1300E-04
       796.40  -0.1390E-04
       762.83  -0.1485E-04
       728.03  -0.1530E-04
       692.23  -0.1544E-04
       655.67  -0.1559E-04
       618.59  -0.1640E-04
       581.27  -0.1735E-04
       543.94  -0.1808E-04
       506.84  -0.1772E-04
       470.17  -0.1736E-04
       434.13  -0.1683E-04
       398.88  -0.1607E-04
       364.59  -0.1534E-04
       331.38  -0.1424E-04
       299.38  -0.1290E-04
       268.72  -0.1161E-04
       239.49  -0.1020E-04
       211.81  -0.8555E-05
       185.81  -0.7008E-05
       161.60  -0.5568E-05
       139.36  -0.4244E-05
       119.24   0.0000E+00
       101.39   0.0000E+00
        85.80   0.0000E+00
   243.1250     ,  33  day,levels
      1006.68  -0.3200E-04
       993.76  -0.2633E-04
       977.87  -0.1935E-04
       959.12  -0.1112E-04
       937.67  -0.7770E-05
       913.70  -0.9033E-05
       887.38  -0.1042E-04
       858.91  -0.1192E-04
       828.51  -0.1300E-04
       796.40  -0.1390E-04
       762.83  -0.1485E-04
       728.03  -0.1530E-04
       692.23  -0.1544E-04
       655.67  -0.1559E-04
       618.59  -0.1640E-04
       581.27  -0.1735E-04
       543.94  -0.1808E-04
       506.84  -0.1772E-04
       470.17  -0.1736E-04
       434.13  -0.1683E-04
       398.88  -0.1607E-04
       364.59  -0.1534E-04
       331.38  -0.1424E-04
       299.38  -0.1290E-04
       268.72  -0.1161E-04
       239.49  -0.1020E-04
       211.81  -0.8555E-05
       185.81  -0.7008E-05
       161.60  -0.5568E-05
       139.36  -0.4244E-05
       119.24   0.0000E+00
       101.39   0.0000E+00
        85.80   0.0000E+00
   243.1667     ,  33  day,levels
      1006.68  -0.3200E-04
       993.76  -0.2633E-04
       977.87  -0.1935E-04
       959.12  -0.1112E-04
       937.67  -0.7770E-05
       913.70  -0.9033E-05
       887.38  -0.1042E-04
       858.91  -0.1192E-04
       828.51  -0.1300E-04
       796.40  -0.1390E-04
       762.83  -0.1485E-04
       728.03  -0.1530E-04
       692.23  -0.1544E-04
       655.67  -0.1559E-04
       618.59  -0.1640E-04
       581.27  -0.1735E-04
       543.94  -0.1808E-04
       506.84  -0.1772E-04
       470.17  -0.1736E-04
       434.13  -0.1683E-04
       398.88  -0.1607E-04
       364.59  -0.1534E-04
       331.38  -0.1424E-04
       299.38  -0.1290E-04
       268.72  -0.1161E-04
       239.49  -0.1020E-04
       211.81  -0.8555E-05
       185.81  -0.7008E-05
       161.60  -0.5568E-05
       139.36  -0.4244E-05
       119.24   0.0000E+00
       101.39   0.0000E+00
        85.80   0.0000E+00
   243.2084     ,  33  day,levels
      1006.68  -0.3200E-04
       993.76  -0.2633E-04
       977.87  -0.1935E-04
       959.12  -0.1112E-04
       937.67  -0.7770E-05
       913.70  -0.9033E-05
       887.38  -0.1042E-04
       858.91  -0.1192E-04
       828.51  -0.1300E-04
       796.40  -0.1390E-04
       762.83  -0.1485E-04
       728.03  -0.1530E-04
       692.23  -0.1544E-04
       655.67  -0.1559E-04
       618.59  -0.1640E-04
       581.27  -0.1735E-04
       543.94  -0.1808E-04
       506.84  -0.1772E-04
       470.17  -0.1736E-04
       434.13  -0.1683E-04
       398.88  -0.1607E-04
       364.59  -0.1534E-04
       331.38  -0.1424E-04
       299.38  -0.1290E-04
       268.72  -0.1161E-04
       239.49  -0.1020E-04
       211.81  -0.8555E-05
       185.81  -0.7008E-05
       161.60  -0.5568E-05
       139.36  -0.4244E-05
       119.24   0.0000E+00
       101.39   0.0000E+00
        85.80   0.0000E+00
   243.2500     ,  33  day,levels
      1006.68  -0.3200E-04
       993.76  -0.2633E-04
       977.87  -0.1935E-04
       959.12  -0.1112E-04
       937.67  -0.7770E-05
       913.70  -0.9033E-05
       887.38  -0.1042E-04
       858.91  -0.1192E-04
       828.51  -0.1300E-04
       796.40  -0.1390E-04
       762.83  -0.1485E-04
       728.03  -0.1530E-04
       692.23  -0.1544E-04
       655.67  -0.1559E-04
       618.59  -0.1640E-04
       581.27  -0.1735E-04
       543.94  -0.1808E-04
       506.84  -0.1772E-04
       470.17  -0.1736E-04
       434.13  -0.1683E-04
       398.88  -0.1607E-04
       364.59  -0.1534E-04
       331.38  -0.1424E-04
       299.38  -0.1290E-04
       268.72  -0.1161E-04
       239.49  -0.1020E-04
       211.81  -0.8555E-05
       185.81  -0.7008E-05
       161.60  -0.5568E-05
       139.36  -0.4244E-05
       119.24   0.0000E+00
       101.39   0.0000E+00
        85.80   0.0000E+00
   243.2917     ,  33  day,levels
      1006.68  -0.3200E-04
       993.76  -0.2633E-04
       977.87  -0.1935E-04
       959.12  -0.1112E-04
       937.67  -0.7770E-05
       913.70  -0.9033E-05
       887.38  -0.1042E-04
       858.91  -0.1192E-04
       828.51  -0.1300E-04
       796.40  -0.1390E-04
       762.83  -0.1485E-04
       728.03  -0.1530E-04
       692.23  -0.1544E-04
       655.67  -0.1559E-04
       618.59  -0.1640E-04
       581.27  -0.1735E-04
       543.94  -0.1808E-04
       506.84  -0.1772E-04
       470.17  -0.1736E-04
       434.13  -0.1683E-04
       398.88  -0.1607E-04
       364.59  -0.1534E-04
       331.38  -0.1424E-04
       299.38  -0.1290E-04
       268.72  -0.1161E-04
       239.49  -0.1020E-04
       211.81  -0.8555E-05
       185.81  -0.7008E-05
       161.60  -0.5568E-05
       139.36  -0.4244E-05
       119.24   0.0000E+00
       101.39   0.0000E+00
        85.80   0.0000E+00
   243.3334     ,  33  day,levels
      1006.68  -0.3200E-04
       993.76  -0.2633E-04
       977.87  -0.1935E-04
       959.12  -0.1112E-04
       937.67  -0.7770E-05
       913.70  -0.9033E-05
       887.38  -0.1042E-04
       858.91  -0.1192E-04
       828.51  -0.1300E-04
       796.40  -0.1390E-04
       762.83  -0.1485E-04
       728.03  -0.1530E-04
       692.23  -0.1544E-04
       655.67  -0.1559E-04
       618.59  -0.1640E-04
       581.27  -0.1735E-04
       543.94  -0.1808E-04
       506.84  -0.1772E-04
       470.17  -0.1736E-04
       434.13  -0.1683E-04
       398.88  -0.1607E-04
       364.59  -0.1534E-04
       331.38  -0.1424E-04
       299.38  -0.1290E-04
       268.72  -0.1161E-04
       239.49  -0.1020E-04
       211.81  -0.8555E-05
       185.81  -0.7008E-05
       161.60  -0.5568E-05
       139.36  -0.4244E-05
       119.24   0.0000E+00
       101.39   0.0000E+00
        85.80   0.0000E+00
   243.3750     ,  33  day,levels
      1006.68  -0.3200E-04
       993.76  -0.2633E-04
       977.87  -0.1935E-04
       959.12  -0.1112E-04
       937.67  -0.7770E-05
       913.70  -0.9033E-05
       887.38  -0.1042E-04
       858.91  -0.1192E-04
       828.51  -0.1300E-04
       796.40  -0.1390E-04
       762.83  -0.1485E-04
       728.03  -0.1530E-04
       692.23  -0.1544E-04
       655.67  -0.1559E-04
       618.59  -0.1640E-04
       581.27  -0.1735E-04
       543.94  -0.1808E-04
       506.84  -0.1772E-04
       470.17  -0.1736E-04
       434.13  -0.1683E-04
       398.88  -0.1607E-04
       364.59  -0.1534E-04
       331.38  -0.1424E-04
       299.38  -0.1290E-04
       268.72  -0.1161E-04
       239.49  -0.1020E-04
       211.81  -0.8555E-05
       185.81  -0.7008E-05
       161.60  -0.5568E-05
       139.36  -0.4244E-05
       119.24   0.0000E+00
       101.39   0.0000E+00
        85.80   0.0000E+00
   243.4167     ,  33  day,levels
      1006.68  -0.3200E-04
       993.76  -0.2633E-04
       977.87  -0.1935E-04
       959.12  -0.1112E-04
       937.67  -0.7770E-05
       913.70  -0.9033E-05
       887.38  -0.1042E-04
       858.91  -0.1192E-04
       828.51  -0.1300E-04
       796.40  -0.1390E-04
       762.83  -0.1485E-04
       728.03  -0.1530E-04
       692.23  -0.1544E-04
       655.67  -0.1559E-04
       618.59  -0.1640E-04
       581.27  -0.1735E-04
       543.94  -0.1808E-04
       506.84  -0.1772E-04
       470.17  -0.1736E-04
       434.13  -0.1683E-04
       398.88  -0.1607E-04
       364.59  -0.1534E-04
       331.38  -0.1424E-04
       299.38  -0.1290E-04
       268.72  -0.1161E-04
       239.49  -0.1020E-04
       211.81  -0.8555E-05
       185.81  -0.7008E-05
       161.60  -0.5568E-05
       139.36  -0.4244E-05
       119.24   0.0000E+00
       101.39   0.0000E+00
        85.80   0.0000E+00
   243.4584     ,  33  day,levels
      1006.68  -0.3200E-04
       993.76  -0.2633E-04
       977.87  -0.1935E-04
       959.12  -0.1112E-04
       937.67  -0.7770E-05
       913.70  -0.9033E-05
       887.38  -0.1042E-04
       858.91  -0.1192E-04
       828.51  -0.1300E-04
       796.40  -0.1390E-04
       762.83  -0.1485E-04
       728.03  -0.1530E-04
       692.23  -0.1544E-04
       655.67  -0.1559E-04
       618.59  -0.1640E-04
       581.27  -0.1735E-04
       543.94  -0.1808E-04
       506.84  -0.1772E-04
       470.17  -0.1736E-04
       434.13  -0.1683E-04
       398.88  -0.1607E-04
       364.59  -0.1534E-04
       331.38  -0.1424E-04
       299.38  -0.1290E-04
       268.72  -0.1161E-04
       239.49  -0.1020E-04
       211.81  -0.8555E-05
       185.81  -0.7008E-05
       161.60  -0.5568E-05
       139.36  -0.4244E-05
       119.24   0.0000E+00
       101.39   0.0000E+00
        85.80   0.0000E+00
   243.5001     ,  33  day,levels
      1006.68  -0.3200E-04
       993.76  -0.2633E-04
       977.87  -0.1935E-04
       959.12  -0.1112E-04
       937.67  -0.7770E-05
       913.70  -0.9033E-05
       887.38  -0.1042E-04
       858.91  -0.1192E-04
       828.51  -0.1300E-04
       796.40  -0.1390E-04
       762.83  -0.1485E-04
       728.03  -0.1530E-04
       692.23  -0.1544E-04
       655.67  -0.1559E-04
       618.59  -0.1640E-04
       581.27  -0.1735E-04
       543.94  -0.1808E-04
       506.84  -0.1772E-04
       470.17  -0.1736E-04
       434.13  -0.1683E-04
       398.88  -0.1607E-04
       364.59  -0.1534E-04
       331.38  -0.1424E-04
       299.38  -0.1290E-04
       268.72  -0.1161E-04
       239.49  -0.1020E-04
       211.81  -0.8555E-05
       185.81  -0.7008E-05
       161.60  -0.5568E-05
       139.36  -0.4244E-05
       119.24   0.0000E+00
       101.39   0.0000E+00
        85.80   0.0000E+00
   243.5417     ,  33  day,levels
      1006.68  -0.3200E-04
       993.76  -0.2633E-04
       977.87  -0.1935E-04
       959.12  -0.1112E-04
       937.67  -0.7770E-05
       913.70  -0.9033E-05
       887.38  -0.1042E-04
       858.91  -0.1192E-04
       828.51  -0.1300E-04
       796.40  -0.1390E-04
       762.83  -0.1485E-04
       728.03  -0.1530E-04
       692.23  -0.1544E-04
       655.67  -0.1559E-04
       618.59  -0.1640E-04
       581.27  -0.1735E-04
       543.94  -0.1808E-04
       506.84  -0.1772E-04
       470.17  -0.1736E-04
       434.13  -0.1683E-04
       398.88  -0.1607E-04
       364.59  -0.1534E-04
       331.38  -0.1424E-04
       299.38  -0.1290E-04
       268.72  -0.1161E-04
       239.49  -0.1020E-04
       211.81  -0.8555E-05
       185.81  -0.7008E-05
       161.60  -0.5568E-05
       139.36  -0.4244E-05
       119.24   0.0000E+00
       101.39   0.0000E+00
        85.80   0.0000E+00
   243.5834     ,  33  day,levels
      1006.68  -0.3200E-04
       993.76  -0.2633E-04
       977.87  -0.1935E-04
       959.12  -0.1112E-04
       937.67  -0.7770E-05
       913.70  -0.9033E-05
       887.38  -0.1042E-04
       858.91  -0.1192E-04
       828.51  -0.1300E-04
       796.40  -0.1390E-04
       762.83  -0.1485E-04
       728.03  -0.1530E-04
       692.23  -0.1544E-04
       655.67  -0.1559E-04
       618.59  -0.1640E-04
       581.27  -0.1735E-04
       543.94  -0.1808E-04
       506.84  -0.1772E-04
       470.17  -0.1736E-04
       434.13  -0.1683E-04
       398.88  -0.1607E-04
       364.59  -0.1534E-04
       331.38  -0.1424E-04
       299.38  -0.1290E-04
       268.72  -0.1161E-04
       239.49  -0.1020E-04
       211.81  -0.8555E-05
       185.81  -0.7008E-05
       161.60  -0.5568E-05
       139.36  -0.4244E-05
       119.24   0.0000E+00
       101.39   0.0000E+00
        85.80   0.0000E+00
   243.6251     ,  33  day,levels
      1006.68  -0.3200E-04
       993.76  -0.2633E-04
       977.87  -0.1935E-04
       959.12  -0.1112E-04
       937.67  -0.7770E-05
       913.70  -0.9033E-05
       887.38  -0.1042E-04
       858.91  -0.1192E-04
       828.51  -0.1300E-04
       796.40  -0.1390E-04
       762.83  -0.1485E-04
       728.03  -0.1530E-04
       692.23  -0.1544E-04
       655.67  -0.1559E-04
       618.59  -0.1640E-04
       581.27  -0.1735E-04
       543.94  -0.1808E-04
       506.84  -0.1772E-04
       470.17  -0.1736E-04
       434.13  -0.1683E-04
       398.88  -0.1607E-04
       364.59  -0.1534E-04
       331.38  -0.1424E-04
       299.38  -0.1290E-04
       268.72  -0.1161E-04
       239.49  -0.1020E-04
       211.81  -0.8555E-05
       185.81  -0.7008E-05
       161.60  -0.5568E-05
       139.36  -0.4244E-05
       119.24   0.0000E+00
       101.39   0.0000E+00
        85.80   0.0000E+00
   243.6667     ,  33  day,levels
      1006.68  -0.3200E-04
       993.76  -0.2633E-04
       977.87  -0.1935E-04
       959.12  -0.1112E-04
       937.67  -0.7770E-05
       913.70  -0.9033E-05
       887.38  -0.1042E-04
       858.91  -0.1192E-04
       828.51  -0.1300E-04
       796.40  -0.1390E-04
       762.83  -0.1485E-04
       728.03  -0.1530E-04
       692.23  -0.1544E-04
       655.67  -0.1559E-04
       618.59  -0.1640E-04
       581.27  -0.1735E-04
       543.94  -0.1808E-04
       506.84  -0.1772E-04
       470.17  -0.1736E-04
       434.13  -0.1683E-04
       398.88  -0.1607E-04
       364.59  -0.1534E-04
       331.38  -0.1424E-04
       299.38  -0.1290E-04
       268.72  -0.1161E-04
       239.49  -0.1020E-04
       211.81  -0.8555E-05
       185.81  -0.7008E-05
       161.60  -0.5568E-05
       139.36  -0.4244E-05
       119.24   0.0000E+00
       101.39   0.0000E+00
        85.80   0.0000E+00
   243.7084     ,  33  day,levels
      1006.68  -0.3200E-04
       993.76  -0.2633E-04
       977.87  -0.1935E-04
       959.12  -0.1112E-04
       937.67  -0.7770E-05
       913.70  -0.9033E-05
       887.38  -0.1042E-04
       858.91  -0.1192E-04
       828.51  -0.1300E-04
       796.40  -0.1390E-04
       762.83  -0.1485E-04
       728.03  -0.1530E-04
       692.23  -0.1544E-04
       655.67  -0.1559E-04
       618.59  -0.1640E-04
       581.27  -0.1735E-04
       543.94  -0.1808E-04
       506.84  -0.1772E-04
       470.17  -0.1736E-04
       434.13  -0.1683E-04
       398.88  -0.1607E-04
       364.59  -0.1534E-04
       331.38  -0.1424E-04
       299.38  -0.1290E-04
       268.72  -0.1161E-04
       239.49  -0.1020E-04
       211.81  -0.8555E-05
       185.81  -0.7008E-05
       161.60  -0.5568E-05
       139.36  -0.4244E-05
       119.24   0.0000E+00
       101.39   0.0000E+00
        85.80   0.0000E+00
   243.7501     ,  33  day,levels
      1006.68  -0.3200E-04
       993.76  -0.2633E-04
       977.87  -0.1935E-04
       959.12  -0.1112E-04
       937.67  -0.7770E-05
       913.70  -0.9033E-05
       887.38  -0.1042E-04
       858.91  -0.1192E-04
       828.51  -0.1300E-04
       796.40  -0.1390E-04
       762.83  -0.1485E-04
       728.03  -0.1530E-04
       692.23  -0.1544E-04
       655.67  -0.1559E-04
       618.59  -0.1640E-04
       581.27  -0.1735E-04
       543.94  -0.1808E-04
       506.84  -0.1772E-04
       470.17  -0.1736E-04
       434.13  -0.1683E-04
       398.88  -0.1607E-04
       364.59  -0.1534E-04
       331.38  -0.1424E-04
       299.38  -0.1290E-04
       268.72  -0.1161E-04
       239.49  -0.1020E-04
       211.81  -0.8555E-05
       185.81  -0.7008E-05
       161.60  -0.5568E-05
       139.36  -0.4244E-05
       119.24   0.0000E+00
       101.39   0.0000E+00
        85.80   0.0000E+00
   243.7918     ,  33  day,levels
      1006.68  -0.3200E-04
       993.76  -0.2633E-04
       977.87  -0.1935E-04
       959.12  -0.1112E-04
       937.67  -0.7770E-05
       913.70  -0.9033E-05
       887.38  -0.1042E-04
       858.91  -0.1192E-04
       828.51  -0.1300E-04
       796.40  -0.1390E-04
       762.83  -0.1485E-04
       728.03  -0.1530E-04
       692.23  -0.1544E-04
       655.67  -0.1559E-04
       618.59  -0.1640E-04
       581.27  -0.1735E-04
       543.94  -0.1808E-04
       506.84  -0.1772E-04
       470.17  -0.1736E-04
       434.13  -0.1683E-04
       398.88  -0.1607E-04
       364.59  -0.1534E-04
       331.38  -0.1424E-04
       299.38  -0.1290E-04
       268.72  -0.1161E-04
       239.49  -0.1020E-04
       211.81  -0.8555E-05
       185.81  -0.7008E-05
       161.60  -0.5568E-05
       139.36  -0.4244E-05
       119.24   0.0000E+00
       101.39   0.0000E+00
        85.80   0.0000E+00
   243.8334     ,  33  day,levels
      1006.68  -0.3200E-04
       993.76  -0.2633E-04
       977.87  -0.1935E-04
       959.12  -0.1112E-04
       937.67  -0.7770E-05
       913.70  -0.9033E-05
       887.38  -0.1042E-04
       858.91  -0.1192E-04
       828.51  -0.1300E-04
       796.40  -0.1390E-04
       762.83  -0.1485E-04
       728.03  -0.1530E-04
       692.23  -0.1544E-04
       655.67  -0.1559E-04
       618.59  -0.1640E-04
       581.27  -0.1735E-04
       543.94  -0.1808E-04
       506.84  -0.1772E-04
       470.17  -0.1736E-04
       434.13  -0.1683E-04
       398.88  -0.1607E-04
       364.59  -0.1534E-04
       331.38  -0.1424E-04
       299.38  -0.1290E-04
       268.72  -0.1161E-04
       239.49  -0.1020E-04
       211.81  -0.8555E-05
       185.81  -0.7008E-05
       161.60  -0.5568E-05
       139.36  -0.4244E-05
       119.24   0.0000E+00
       101.39   0.0000E+00
        85.80   0.0000E+00
   243.8751     ,  33  day,levels
      1006.68  -0.3200E-04
       993.76  -0.2633E-04
       977.87  -0.1935E-04
       959.12  -0.1112E-04
       937.67  -0.7770E-05
       913.70  -0.9033E-05
       887.38  -0.1042E-04
       858.91  -0.1192E-04
       828.51  -0.1300E-04
       796.40  -0.1390E-04
       762.83  -0.1485E-04
       728.03  -0.1530E-04
       692.23  -0.1544E-04
       655.67  -0.1559E-04
       618.59  -0.1640E-04
       581.27  -0.1735E-04
       543.94  -0.1808E-04
       506.84  -0.1772E-04
       470.17  -0.1736E-04
       434.13  -0.1683E-04
       398.88  -0.1607E-04
       364.59  -0.1534E-04
       331.38  -0.1424E-04
       299.38  -0.1290E-04
       268.72  -0.1161E-04
       239.49  -0.1020E-04
       211.81  -0.8555E-05
       185.81  -0.7008E-05
       161.60  -0.5568E-05
       139.36  -0.4244E-05
       119.24   0.0000E+00
       101.39   0.0000E+00
        85.80   0.0000E+00
   243.9168     ,  33  day,levels
      1006.68  -0.3200E-04
       993.76  -0.2633E-04
       977.87  -0.1935E-04
       959.12  -0.1112E-04
       937.67  -0.7770E-05
       913.70  -0.9033E-05
       887.38  -0.1042E-04
       858.91  -0.1192E-04
       828.51  -0.1300E-04
       796.40  -0.1390E-04
       762.83  -0.1485E-04
       728.03  -0.1530E-04
       692.23  -0.1544E-04
       655.67  -0.1559E-04
       618.59  -0.1640E-04
       581.27  -0.1735E-04
       543.94  -0.1808E-04
       506.84  -0.1772E-04
       470.17  -0.1736E-04
       434.13  -0.1683E-04
       398.88  -0.1607E-04
       364.59  -0.1534E-04
       331.38  -0.1424E-04
       299.38  -0.1290E-04
       268.72  -0.1161E-04
       239.49  -0.1020E-04
       211.81  -0.8555E-05
       185.81  -0.7008E-05
       161.60  -0.5568E-05
       139.36  -0.4244E-05
       119.24   0.0000E+00
       101.39   0.0000E+00
        85.80   0.0000E+00
   243.9585     ,  33  day,levels
      1006.68  -0.3200E-04
       993.76  -0.2633E-04
       977.87  -0.1935E-04
       959.12  -0.1112E-04
       937.67  -0.7770E-05
       913.70  -0.9033E-05
       887.38  -0.1042E-04
       858.91  -0.1192E-04
       828.51  -0.1300E-04
       796.40  -0.1390E-04
       762.83  -0.1485E-04
       728.03  -0.1530E-04
       692.23  -0.1544E-04
       655.67  -0.1559E-04
       618.59  -0.1640E-04
       581.27  -0.1735E-04
       543.94  -0.1808E-04
       506.84  -0.1772E-04
       470.17  -0.1736E-04
       434.13  -0.1683E-04
       398.88  -0.1607E-04
       364.59  -0.1534E-04
       331.38  -0.1424E-04
       299.38  -0.1290E-04
       268.72  -0.1161E-04
       239.49  -0.1020E-04
       211.81  -0.8555E-05
       185.81  -0.7008E-05
       161.60  -0.5568E-05
       139.36  -0.4244E-05
       119.24   0.0000E+00
       101.39   0.0000E+00
        85.80   0.0000E+00
   244.0001     ,  33  day,levels
      1006.68  -0.3200E-04
       993.76  -0.2633E-04
       977.87  -0.1935E-04
       959.12  -0.1112E-04
       937.67  -0.7770E-05
       913.70  -0.9033E-05
       887.38  -0.1042E-04
       858.91  -0.1192E-04
       828.51  -0.1300E-04
       796.40  -0.1390E-04
       762.83  -0.1485E-04
       728.03  -0.1530E-04
       692.23  -0.1544E-04
       655.67  -0.1559E-04
       618.59  -0.1640E-04
       581.27  -0.1735E-04
       543.94  -0.1808E-04
       506.84  -0.1772E-04
       470.17  -0.1736E-04
       434.13  -0.1683E-04
       398.88  -0.1607E-04
       364.59  -0.1534E-04
       331.38  -0.1424E-04
       299.38  -0.1290E-04
       268.72  -0.1161E-04
       239.49  -0.1020E-04
       211.81  -0.8555E-05
       185.81  -0.7008E-05
       161.60  -0.5568E-05
       139.36  -0.4244E-05
       119.24   0.0000E+00
       101.39   0.0000E+00
        85.80   0.0000E+00
   244.0418     ,  33  day,levels
      1006.68  -0.3200E-04
       993.76  -0.2633E-04
       977.87  -0.1935E-04
       959.12  -0.1112E-04
       937.67  -0.7770E-05
       913.70  -0.9033E-05
       887.38  -0.1042E-04
       858.91  -0.1192E-04
       828.51  -0.1300E-04
       796.40  -0.1390E-04
       762.83  -0.1485E-04
       728.03  -0.1530E-04
       692.23  -0.1544E-04
       655.67  -0.1559E-04
       618.59  -0.1640E-04
       581.27  -0.1735E-04
       543.94  -0.1808E-04
       506.84  -0.1772E-04
       470.17  -0.1736E-04
       434.13  -0.1683E-04
       398.88  -0.1607E-04
       364.59  -0.1534E-04
       331.38  -0.1424E-04
       299.38  -0.1290E-04
       268.72  -0.1161E-04
       239.49  -0.1020E-04
       211.81  -0.8555E-05
       185.81  -0.7008E-05
       161.60  -0.5568E-05
       139.36  -0.4244E-05
       119.24   0.0000E+00
       101.39   0.0000E+00
        85.80   0.0000E+00
   244.0835     ,  33  day,levels
      1006.68  -0.3200E-04
       993.76  -0.2633E-04
       977.87  -0.1935E-04
       959.12  -0.1112E-04
       937.67  -0.7770E-05
       913.70  -0.9033E-05
       887.38  -0.1042E-04
       858.91  -0.1192E-04
       828.51  -0.1300E-04
       796.40  -0.1390E-04
       762.83  -0.1485E-04
       728.03  -0.1530E-04
       692.23  -0.1544E-04
       655.67  -0.1559E-04
       618.59  -0.1640E-04
       581.27  -0.1735E-04
       543.94  -0.1808E-04
       506.84  -0.1772E-04
       470.17  -0.1736E-04
       434.13  -0.1683E-04
       398.88  -0.1607E-04
       364.59  -0.1534E-04
       331.38  -0.1424E-04
       299.38  -0.1290E-04
       268.72  -0.1161E-04
       239.49  -0.1020E-04
       211.81  -0.8555E-05
       185.81  -0.7008E-05
       161.60  -0.5568E-05
       139.36  -0.4244E-05
       119.24   0.0000E+00
       101.39   0.0000E+00
        85.80   0.0000E+00
   244.1251     ,  33  day,levels
      1006.68  -0.3200E-04
       993.76  -0.2633E-04
       977.87  -0.1935E-04
       959.12  -0.1112E-04
       937.67  -0.7770E-05
       913.70  -0.9033E-05
       887.38  -0.1042E-04
       858.91  -0.1192E-04
       828.51  -0.1300E-04
       796.40  -0.1390E-04
       762.83  -0.1485E-04
       728.03  -0.1530E-04
       692.23  -0.1544E-04
       655.67  -0.1559E-04
       618.59  -0.1640E-04
       581.27  -0.1735E-04
       543.94  -0.1808E-04
       506.84  -0.1772E-04
       470.17  -0.1736E-04
       434.13  -0.1683E-04
       398.88  -0.1607E-04
       364.59  -0.1534E-04
       331.38  -0.1424E-04
       299.38  -0.1290E-04
       268.72  -0.1161E-04
       239.49  -0.1020E-04
       211.81  -0.8555E-05
       185.81  -0.7008E-05
       161.60  -0.5568E-05
       139.36  -0.4244E-05
       119.24   0.0000E+00
       101.39   0.0000E+00
        85.80   0.0000E+00
   244.1668     ,  33  day,levels
      1006.68  -0.3200E-04
       993.76  -0.2633E-04
       977.87  -0.1935E-04
       959.12  -0.1112E-04
       937.67  -0.7770E-05
       913.70  -0.9033E-05
       887.38  -0.1042E-04
       858.91  -0.1192E-04
       828.51  -0.1300E-04
       796.40  -0.1390E-04
       762.83  -0.1485E-04
       728.03  -0.1530E-04
       692.23  -0.1544E-04
       655.67  -0.1559E-04
       618.59  -0.1640E-04
       581.27  -0.1735E-04
       543.94  -0.1808E-04
       506.84  -0.1772E-04
       470.17  -0.1736E-04
       434.13  -0.1683E-04
       398.88  -0.1607E-04
       364.59  -0.1534E-04
       331.38  -0.1424E-04
       299.38  -0.1290E-04
       268.72  -0.1161E-04
       239.49  -0.1020E-04
       211.81  -0.8555E-05
       185.81  -0.7008E-05
       161.60  -0.5568E-05
       139.36  -0.4244E-05
       119.24   0.0000E+00
       101.39   0.0000E+00
        85.80   0.0000E+00
   244.2085     ,  33  day,levels
      1006.68  -0.3200E-04
       993.76  -0.2633E-04
       977.87  -0.1935E-04
       959.12  -0.1112E-04
       937.67  -0.7770E-05
       913.70  -0.9033E-05
       887.38  -0.1042E-04
       858.91  -0.1192E-04
       828.51  -0.1300E-04
       796.40  -0.1390E-04
       762.83  -0.1485E-04
       728.03  -0.1530E-04
       692.23  -0.1544E-04
       655.67  -0.1559E-04
       618.59  -0.1640E-04
       581.27  -0.1735E-04
       543.94  -0.1808E-04
       506.84  -0.1772E-04
       470.17  -0.1736E-04
       434.13  -0.1683E-04
       398.88  -0.1607E-04
       364.59  -0.1534E-04
       331.38  -0.1424E-04
       299.38  -0.1290E-04
       268.72  -0.1161E-04
       239.49  -0.1020E-04
       211.81  -0.8555E-05
       185.81  -0.7008E-05
       161.60  -0.5568E-05
       139.36  -0.4244E-05
       119.24   0.0000E+00
       101.39   0.0000E+00
        85.80   0.0000E+00
   244.2502     ,  33  day,levels
      1006.68  -0.3200E-04
       993.76  -0.2633E-04
       977.87  -0.1935E-04
       959.12  -0.1112E-04
       937.67  -0.7770E-05
       913.70  -0.9033E-05
       887.38  -0.1042E-04
       858.91  -0.1192E-04
       828.51  -0.1300E-04
       796.40  -0.1390E-04
       762.83  -0.1485E-04
       728.03  -0.1530E-04
       692.23  -0.1544E-04
       655.67  -0.1559E-04
       618.59  -0.1640E-04
       581.27  -0.1735E-04
       543.94  -0.1808E-04
       506.84  -0.1772E-04
       470.17  -0.1736E-04
       434.13  -0.1683E-04
       398.88  -0.1607E-04
       364.59  -0.1534E-04
       331.38  -0.1424E-04
       299.38  -0.1290E-04
       268.72  -0.1161E-04
       239.49  -0.1020E-04
       211.81  -0.8555E-05
       185.81  -0.7008E-05
       161.60  -0.5568E-05
       139.36  -0.4244E-05
       119.24   0.0000E+00
       101.39   0.0000E+00
        85.80   0.0000E+00
   244.2918     ,  33  day,levels
      1006.68  -0.3200E-04
       993.76  -0.2633E-04
       977.87  -0.1935E-04
       959.12  -0.1112E-04
       937.67  -0.7770E-05
       913.70  -0.9033E-05
       887.38  -0.1042E-04
       858.91  -0.1192E-04
       828.51  -0.1300E-04
       796.40  -0.1390E-04
       762.83  -0.1485E-04
       728.03  -0.1530E-04
       692.23  -0.1544E-04
       655.67  -0.1559E-04
       618.59  -0.1640E-04
       581.27  -0.1735E-04
       543.94  -0.1808E-04
       506.84  -0.1772E-04
       470.17  -0.1736E-04
       434.13  -0.1683E-04
       398.88  -0.1607E-04
       364.59  -0.1534E-04
       331.38  -0.1424E-04
       299.38  -0.1290E-04
       268.72  -0.1161E-04
       239.49  -0.1020E-04
       211.81  -0.8555E-05
       185.81  -0.7008E-05
       161.60  -0.5568E-05
       139.36  -0.4244E-05
       119.24   0.0000E+00
       101.39   0.0000E+00
        85.80   0.0000E+00
   244.3335     ,  33  day,levels
      1006.68  -0.3200E-04
       993.76  -0.2633E-04
       977.87  -0.1935E-04
       959.12  -0.1112E-04
       937.67  -0.7770E-05
       913.70  -0.9033E-05
       887.38  -0.1042E-04
       858.91  -0.1192E-04
       828.51  -0.1300E-04
       796.40  -0.1390E-04
       762.83  -0.1485E-04
       728.03  -0.1530E-04
       692.23  -0.1544E-04
       655.67  -0.1559E-04
       618.59  -0.1640E-04
       581.27  -0.1735E-04
       543.94  -0.1808E-04
       506.84  -0.1772E-04
       470.17  -0.1736E-04
       434.13  -0.1683E-04
       398.88  -0.1607E-04
       364.59  -0.1534E-04
       331.38  -0.1424E-04
       299.38  -0.1290E-04
       268.72  -0.1161E-04
       239.49  -0.1020E-04
       211.81  -0.8555E-05
       185.81  -0.7008E-05
       161.60  -0.5568E-05
       139.36  -0.4244E-05
       119.24   0.0000E+00
       101.39   0.0000E+00
        85.80   0.0000E+00
   244.3752     ,  33  day,levels
      1006.68  -0.3200E-04
       993.76  -0.2633E-04
       977.87  -0.1935E-04
       959.12  -0.1112E-04
       937.67  -0.7770E-05
       913.70  -0.9033E-05
       887.38  -0.1042E-04
       858.91  -0.1192E-04
       828.51  -0.1300E-04
       796.40  -0.1390E-04
       762.83  -0.1485E-04
       728.03  -0.1530E-04
       692.23  -0.1544E-04
       655.67  -0.1559E-04
       618.59  -0.1640E-04
       581.27  -0.1735E-04
       543.94  -0.1808E-04
       506.84  -0.1772E-04
       470.17  -0.1736E-04
       434.13  -0.1683E-04
       398.88  -0.1607E-04
       364.59  -0.1534E-04
       331.38  -0.1424E-04
       299.38  -0.1290E-04
       268.72  -0.1161E-04
       239.49  -0.1020E-04
       211.81  -0.8555E-05
       185.81  -0.7008E-05
       161.60  -0.5568E-05
       139.36  -0.4244E-05
       119.24   0.0000E+00
       101.39   0.0000E+00
        85.80   0.0000E+00
   244.4168     ,  33  day,levels
      1006.68  -0.3200E-04
       993.76  -0.2633E-04
       977.87  -0.1935E-04
       959.12  -0.1112E-04
       937.67  -0.7770E-05
       913.70  -0.9033E-05
       887.38  -0.1042E-04
       858.91  -0.1192E-04
       828.51  -0.1300E-04
       796.40  -0.1390E-04
       762.83  -0.1485E-04
       728.03  -0.1530E-04
       692.23  -0.1544E-04
       655.67  -0.1559E-04
       618.59  -0.1640E-04
       581.27  -0.1735E-04
       543.94  -0.1808E-04
       506.84  -0.1772E-04
       470.17  -0.1736E-04
       434.13  -0.1683E-04
       398.88  -0.1607E-04
       364.59  -0.1534E-04
       331.38  -0.1424E-04
       299.38  -0.1290E-04
       268.72  -0.1161E-04
       239.49  -0.1020E-04
       211.81  -0.8555E-05
       185.81  -0.7008E-05
       161.60  -0.5568E-05
       139.36  -0.4244E-05
       119.24   0.0000E+00
       101.39   0.0000E+00
        85.80   0.0000E+00
   244.4585     ,  33  day,levels
      1006.68  -0.3200E-04
       993.76  -0.2633E-04
       977.87  -0.1935E-04
       959.12  -0.1112E-04
       937.67  -0.7770E-05
       913.70  -0.9033E-05
       887.38  -0.1042E-04
       858.91  -0.1192E-04
       828.51  -0.1300E-04
       796.40  -0.1390E-04
       762.83  -0.1485E-04
       728.03  -0.1530E-04
       692.23  -0.1544E-04
       655.67  -0.1559E-04
       618.59  -0.1640E-04
       581.27  -0.1735E-04
       543.94  -0.1808E-04
       506.84  -0.1772E-04
       470.17  -0.1736E-04
       434.13  -0.1683E-04
       398.88  -0.1607E-04
       364.59  -0.1534E-04
       331.38  -0.1424E-04
       299.38  -0.1290E-04
       268.72  -0.1161E-04
       239.49  -0.1020E-04
       211.81  -0.8555E-05
       185.81  -0.7008E-05
       161.60  -0.5568E-05
       139.36  -0.4244E-05
       119.24   0.0000E+00
       101.39   0.0000E+00
        85.80   0.0000E+00
   244.5002     ,  33  day,levels
      1006.68  -0.3200E-04
       993.76  -0.2633E-04
       977.87  -0.1935E-04
       959.12  -0.1112E-04
       937.67  -0.7770E-05
       913.70  -0.9033E-05
       887.38  -0.1042E-04
       858.91  -0.1192E-04
       828.51  -0.1300E-04
       796.40  -0.1390E-04
       762.83  -0.1485E-04
       728.03  -0.1530E-04
       692.23  -0.1544E-04
       655.67  -0.1559E-04
       618.59  -0.1640E-04
       581.27  -0.1735E-04
       543.94  -0.1808E-04
       506.84  -0.1772E-04
       470.17  -0.1736E-04
       434.13  -0.1683E-04
       398.88  -0.1607E-04
       364.59  -0.1534E-04
       331.38  -0.1424E-04
       299.38  -0.1290E-04
       268.72  -0.1161E-04
       239.49  -0.1020E-04
       211.81  -0.8555E-05
       185.81  -0.7008E-05
       161.60  -0.5568E-05
       139.36  -0.4244E-05
       119.24   0.0000E+00
       101.39   0.0000E+00
        85.80   0.0000E+00
   244.5419     ,  33  day,levels
      1006.68  -0.3200E-04
       993.76  -0.2633E-04
       977.87  -0.1935E-04
       959.12  -0.1112E-04
       937.67  -0.7770E-05
       913.70  -0.9033E-05
       887.38  -0.1042E-04
       858.91  -0.1192E-04
       828.51  -0.1300E-04
       796.40  -0.1390E-04
       762.83  -0.1485E-04
       728.03  -0.1530E-04
       692.23  -0.1544E-04
       655.67  -0.1559E-04
       618.59  -0.1640E-04
       581.27  -0.1735E-04
       543.94  -0.1808E-04
       506.84  -0.1772E-04
       470.17  -0.1736E-04
       434.13  -0.1683E-04
       398.88  -0.1607E-04
       364.59  -0.1534E-04
       331.38  -0.1424E-04
       299.38  -0.1290E-04
       268.72  -0.1161E-04
       239.49  -0.1020E-04
       211.81  -0.8555E-05
       185.81  -0.7008E-05
       161.60  -0.5568E-05
       139.36  -0.4244E-05
       119.24   0.0000E+00
       101.39   0.0000E+00
        85.80   0.0000E+00
   244.5835     ,  33  day,levels
      1006.68  -0.3200E-04
       993.76  -0.2633E-04
       977.87  -0.1935E-04
       959.12  -0.1112E-04
       937.67  -0.7770E-05
       913.70  -0.9033E-05
       887.38  -0.1042E-04
       858.91  -0.1192E-04
       828.51  -0.1300E-04
       796.40  -0.1390E-04
       762.83  -0.1485E-04
       728.03  -0.1530E-04
       692.23  -0.1544E-04
       655.67  -0.1559E-04
       618.59  -0.1640E-04
       581.27  -0.1735E-04
       543.94  -0.1808E-04
       506.84  -0.1772E-04
       470.17  -0.1736E-04
       434.13  -0.1683E-04
       398.88  -0.1607E-04
       364.59  -0.1534E-04
       331.38  -0.1424E-04
       299.38  -0.1290E-04
       268.72  -0.1161E-04
       239.49  -0.1020E-04
       211.81  -0.8555E-05
       185.81  -0.7008E-05
       161.60  -0.5568E-05
       139.36  -0.4244E-05
       119.24   0.0000E+00
       101.39   0.0000E+00
        85.80   0.0000E+00
   244.6252     ,  33  day,levels
      1006.68  -0.3200E-04
       993.76  -0.2633E-04
       977.87  -0.1935E-04
       959.12  -0.1112E-04
       937.67  -0.7770E-05
       913.70  -0.9033E-05
       887.38  -0.1042E-04
       858.91  -0.1192E-04
       828.51  -0.1300E-04
       796.40  -0.1390E-04
       762.83  -0.1485E-04
       728.03  -0.1530E-04
       692.23  -0.1544E-04
       655.67  -0.1559E-04
       618.59  -0.1640E-04
       581.27  -0.1735E-04
       543.94  -0.1808E-04
       506.84  -0.1772E-04
       470.17  -0.1736E-04
       434.13  -0.1683E-04
       398.88  -0.1607E-04
       364.59  -0.1534E-04
       331.38  -0.1424E-04
       299.38  -0.1290E-04
       268.72  -0.1161E-04
       239.49  -0.1020E-04
       211.81  -0.8555E-05
       185.81  -0.7008E-05
       161.60  -0.5568E-05
       139.36  -0.4244E-05
       119.24   0.0000E+00
       101.39   0.0000E+00
        85.80   0.0000E+00
   244.6669     ,  33  day,levels
      1006.68  -0.3200E-04
       993.76  -0.2633E-04
       977.87  -0.1935E-04
       959.12  -0.1112E-04
       937.67  -0.7770E-05
       913.70  -0.9033E-05
       887.38  -0.1042E-04
       858.91  -0.1192E-04
       828.51  -0.1300E-04
       796.40  -0.1390E-04
       762.83  -0.1485E-04
       728.03  -0.1530E-04
       692.23  -0.1544E-04
       655.67  -0.1559E-04
       618.59  -0.1640E-04
       581.27  -0.1735E-04
       543.94  -0.1808E-04
       506.84  -0.1772E-04
       470.17  -0.1736E-04
       434.13  -0.1683E-04
       398.88  -0.1607E-04
       364.59  -0.1534E-04
       331.38  -0.1424E-04
       299.38  -0.1290E-04
       268.72  -0.1161E-04
       239.49  -0.1020E-04
       211.81  -0.8555E-05
       185.81  -0.7008E-05
       161.60  -0.5568E-05
       139.36  -0.4244E-05
       119.24   0.0000E+00
       101.39   0.0000E+00
        85.80   0.0000E+00
   244.7085     ,  33  day,levels
      1006.68  -0.3200E-04
       993.76  -0.2633E-04
       977.87  -0.1935E-04
       959.12  -0.1112E-04
       937.67  -0.7770E-05
       913.70  -0.9033E-05
       887.38  -0.1042E-04
       858.91  -0.1192E-04
       828.51  -0.1300E-04
       796.40  -0.1390E-04
       762.83  -0.1485E-04
       728.03  -0.1530E-04
       692.23  -0.1544E-04
       655.67  -0.1559E-04
       618.59  -0.1640E-04
       581.27  -0.1735E-04
       543.94  -0.1808E-04
       506.84  -0.1772E-04
       470.17  -0.1736E-04
       434.13  -0.1683E-04
       398.88  -0.1607E-04
       364.59  -0.1534E-04
       331.38  -0.1424E-04
       299.38  -0.1290E-04
       268.72  -0.1161E-04
       239.49  -0.1020E-04
       211.81  -0.8555E-05
       185.81  -0.7008E-05
       161.60  -0.5568E-05
       139.36  -0.4244E-05
       119.24   0.0000E+00
       101.39   0.0000E+00
        85.80   0.0000E+00
   244.7502     ,  33  day,levels
      1006.68  -0.3200E-04
       993.76  -0.2633E-04
       977.87  -0.1935E-04
       959.12  -0.1112E-04
       937.67  -0.7770E-05
       913.70  -0.9033E-05
       887.38  -0.1042E-04
       858.91  -0.1192E-04
       828.51  -0.1300E-04
       796.40  -0.1390E-04
       762.83  -0.1485E-04
       728.03  -0.1530E-04
       692.23  -0.1544E-04
       655.67  -0.1559E-04
       618.59  -0.1640E-04
       581.27  -0.1735E-04
       543.94  -0.1808E-04
       506.84  -0.1772E-04
       470.17  -0.1736E-04
       434.13  -0.1683E-04
       398.88  -0.1607E-04
       364.59  -0.1534E-04
       331.38  -0.1424E-04
       299.38  -0.1290E-04
       268.72  -0.1161E-04
       239.49  -0.1020E-04
       211.81  -0.8555E-05
       185.81  -0.7008E-05
       161.60  -0.5568E-05
       139.36  -0.4244E-05
       119.24   0.0000E+00
       101.39   0.0000E+00
        85.80   0.0000E+00
   244.7919     ,  33  day,levels
      1006.68  -0.3200E-04
       993.76  -0.2633E-04
       977.87  -0.1935E-04
       959.12  -0.1112E-04
       937.67  -0.7770E-05
       913.70  -0.9033E-05
       887.38  -0.1042E-04
       858.91  -0.1192E-04
       828.51  -0.1300E-04
       796.40  -0.1390E-04
       762.83  -0.1485E-04
       728.03  -0.1530E-04
       692.23  -0.1544E-04
       655.67  -0.1559E-04
       618.59  -0.1640E-04
       581.27  -0.1735E-04
       543.94  -0.1808E-04
       506.84  -0.1772E-04
       470.17  -0.1736E-04
       434.13  -0.1683E-04
       398.88  -0.1607E-04
       364.59  -0.1534E-04
       331.38  -0.1424E-04
       299.38  -0.1290E-04
       268.72  -0.1161E-04
       239.49  -0.1020E-04
       211.81  -0.8555E-05
       185.81  -0.7008E-05
       161.60  -0.5568E-05
       139.36  -0.4244E-05
       119.24   0.0000E+00
       101.39   0.0000E+00
        85.80   0.0000E+00
   244.8336     ,  33  day,levels
      1006.68  -0.3200E-04
       993.76  -0.2633E-04
       977.87  -0.1935E-04
       959.12  -0.1112E-04
       937.67  -0.7770E-05
       913.70  -0.9033E-05
       887.38  -0.1042E-04
       858.91  -0.1192E-04
       828.51  -0.1300E-04
       796.40  -0.1390E-04
       762.83  -0.1485E-04
       728.03  -0.1530E-04
       692.23  -0.1544E-04
       655.67  -0.1559E-04
       618.59  -0.1640E-04
       581.27  -0.1735E-04
       543.94  -0.1808E-04
       506.84  -0.1772E-04
       470.17  -0.1736E-04
       434.13  -0.1683E-04
       398.88  -0.1607E-04
       364.59  -0.1534E-04
       331.38  -0.1424E-04
       299.38  -0.1290E-04
       268.72  -0.1161E-04
       239.49  -0.1020E-04
       211.81  -0.8555E-05
       185.81  -0.7008E-05
       161.60  -0.5568E-05
       139.36  -0.4244E-05
       119.24   0.0000E+00
       101.39   0.0000E+00
        85.80   0.0000E+00
   244.8752     ,  33  day,levels
      1006.68  -0.3200E-04
       993.76  -0.2633E-04
       977.87  -0.1935E-04
       959.12  -0.1112E-04
       937.67  -0.7770E-05
       913.70  -0.9033E-05
       887.38  -0.1042E-04
       858.91  -0.1192E-04
       828.51  -0.1300E-04
       796.40  -0.1390E-04
       762.83  -0.1485E-04
       728.03  -0.1530E-04
       692.23  -0.1544E-04
       655.67  -0.1559E-04
       618.59  -0.1640E-04
       581.27  -0.1735E-04
       543.94  -0.1808E-04
       506.84  -0.1772E-04
       470.17  -0.1736E-04
       434.13  -0.1683E-04
       398.88  -0.1607E-04
       364.59  -0.1534E-04
       331.38  -0.1424E-04
       299.38  -0.1290E-04
       268.72  -0.1161E-04
       239.49  -0.1020E-04
       211.81  -0.8555E-05
       185.81  -0.7008E-05
       161.60  -0.5568E-05
       139.36  -0.4244E-05
       119.24   0.0000E+00
       101.39   0.0000E+00
        85.80   0.0000E+00
   244.9169     ,  33  day,levels
      1006.68  -0.3200E-04
       993.76  -0.2633E-04
       977.87  -0.1935E-04
       959.12  -0.1112E-04
       937.67  -0.7770E-05
       913.70  -0.9033E-05
       887.38  -0.1042E-04
       858.91  -0.1192E-04
       828.51  -0.1300E-04
       796.40  -0.1390E-04
       762.83  -0.1485E-04
       728.03  -0.1530E-04
       692.23  -0.1544E-04
       655.67  -0.1559E-04
       618.59  -0.1640E-04
       581.27  -0.1735E-04
       543.94  -0.1808E-04
       506.84  -0.1772E-04
       470.17  -0.1736E-04
       434.13  -0.1683E-04
       398.88  -0.1607E-04
       364.59  -0.1534E-04
       331.38  -0.1424E-04
       299.38  -0.1290E-04
       268.72  -0.1161E-04
       239.49  -0.1020E-04
       211.81  -0.8555E-05
       185.81  -0.7008E-05
       161.60  -0.5568E-05
       139.36  -0.4244E-05
       119.24   0.0000E+00
       101.39   0.0000E+00
        85.80   0.0000E+00
   244.9586     ,  33  day,levels
      1006.68  -0.3200E-04
       993.76  -0.2633E-04
       977.87  -0.1935E-04
       959.12  -0.1112E-04
       937.67  -0.7770E-05
       913.70  -0.9033E-05
       887.38  -0.1042E-04
       858.91  -0.1192E-04
       828.51  -0.1300E-04
       796.40  -0.1390E-04
       762.83  -0.1485E-04
       728.03  -0.1530E-04
       692.23  -0.1544E-04
       655.67  -0.1559E-04
       618.59  -0.1640E-04
       581.27  -0.1735E-04
       543.94  -0.1808E-04
       506.84  -0.1772E-04
       470.17  -0.1736E-04
       434.13  -0.1683E-04
       398.88  -0.1607E-04
       364.59  -0.1534E-04
       331.38  -0.1424E-04
       299.38  -0.1290E-04
       268.72  -0.1161E-04
       239.49  -0.1020E-04
       211.81  -0.8555E-05
       185.81  -0.7008E-05
       161.60  -0.5568E-05
       139.36  -0.4244E-05
       119.24   0.0000E+00
       101.39   0.0000E+00
        85.80   0.0000E+00
