  day sst(K) H(W/m2) LE(W/m2) TAU(m2/s2)
   353.750   302.649     2.476    61.877     0.000
   354.000   303.006     4.283    64.428     0.000
   354.250   303.291     2.830    54.219     0.000
   354.500   302.780     2.398    60.811     0.000
   354.750   302.611     9.027    90.979     0.000
   355.000   302.589    16.410   139.812     0.000
   355.250   302.513    25.900   161.038     0.000
   355.500   302.407    25.297   171.398     0.000
   355.750   302.374    24.309   140.094     0.000
   356.000   302.431    24.892   148.639     0.000
   356.250   302.396    22.016   145.338     0.000
   356.500   302.336    37.898   187.154     0.000
   356.750   302.342    26.964   176.137     0.000
   357.000   302.338    29.428   198.868     0.000
   357.250   302.306    16.424   184.143     0.000
   357.500   302.255    15.896   174.610     0.000
   357.750   302.198    35.658   221.394     0.000
   358.000   302.340     9.718   139.268     0.000
   358.250   302.358     5.420    89.367     0.000
   358.500   302.283     4.237    99.043     0.000
   358.750   302.294     5.767   109.582     0.000
   359.000   302.505     2.337    88.159     0.000
   359.250   302.472     8.183   104.336     0.000
   359.500   302.226    35.100   136.591     0.000
   359.750   302.152    37.972   186.496     0.000
   360.000   302.228    35.516   187.817     0.000
   360.250   302.167    33.999   188.015     0.000
   360.500   302.132    17.444   171.875     0.000
   360.750   302.109     4.221   129.862     0.000
   361.000   302.125     1.478   144.087     0.000
   361.250   302.059    12.748   158.946     0.000
   361.500   302.004    15.721   146.650     0.000
   361.750   301.953    17.667   165.048     0.000
   362.000   302.057     6.451   105.697     0.000
   362.250   302.150     6.134    97.571     0.000
   362.500   302.070     9.004    64.181     0.000
   362.750   301.882    15.538    90.677     0.000
   363.000   302.041    10.064   100.250     0.000
   363.250   302.056     4.817    95.072     0.000
   363.500   301.971     9.751   101.941     0.000
   363.750   301.930     3.361   120.275     0.000
   364.000   302.089     1.324   101.000     0.000
   364.250   302.121     9.008   129.109     0.000
   364.500   302.002     8.360    95.793     0.000
   364.750   301.961    11.413   108.072     0.000
   365.000   302.048     1.480   154.493     0.000
   365.250   302.072    -0.853   152.872     0.000
   365.500   301.997    -0.142   170.197     0.000
   365.750   301.926     0.168   220.076     0.000
   366.000   301.998     0.722   224.656     0.000
   366.250   301.947     4.201   222.159     0.000
   366.500   301.943    -0.634   165.067     0.000
   366.750   301.917     3.371   167.799     0.000
   367.000   301.946     7.061   162.093     0.000
   367.250   301.902    10.127   164.404     0.000
   367.500   301.850     7.782   158.216     0.000
   367.750   301.827     2.297   174.475     0.000
   368.000   301.910     1.790   199.166     0.000
   368.250   301.913     0.858   200.622     0.000
   368.500   301.861     2.920   203.323     0.000
   368.750   301.838     3.174   182.624     0.000
   369.000   301.980     1.523   137.535     0.000
   369.250   302.114     1.624   107.525     0.000
   369.500   301.999     6.156    78.767     0.000
   369.750   301.754    11.715   111.651     0.000
   370.000   301.798    15.607    89.780     0.000
   370.250   301.803     9.473    52.692     0.000
   370.500   301.818     9.055    69.384     0.000
   370.750   301.717    11.941    95.308     0.000
   371.000   301.406    11.210    42.527     0.000
   371.250   301.780    10.404    77.557     0.000
   371.500   301.684     2.244    27.802     0.000
   371.750   301.529     5.234    28.125     0.000
   372.000   302.296     7.265    53.516     0.000
   372.250   302.214     7.670    78.946     0.000
   372.500   301.933     3.749    37.472     0.000
   372.750   301.879     5.822    44.125     0.000
   373.000   301.891    10.828    64.688     0.000
   373.250   301.826     7.057    45.973     0.000
   373.500   301.826     5.194    36.936     0.000
   373.750   301.854     5.038    40.736     0.000
   374.000   302.815     7.601    56.134     0.000
   374.250   302.818     7.064    59.431     0.000
   374.500   302.184     3.093    41.178     0.000
   374.750   301.969     3.866    47.736     0.000
