     25.00
     75.00
    125.00
    175.00
    225.00
    275.00
    325.00
    375.00
    425.00
    475.00
    525.00
    575.00
    625.00
    675.00
    725.00
    775.00
    825.00
    875.00
    925.00
    975.00
   1025.00
   1075.00
   1125.00
   1175.00
   1225.00
   1275.00
   1325.00
   1375.00
   1425.00
   1475.00
   1525.00
   1575.00
   1625.00
   1675.00
   1725.00
   1775.00
   1825.00
   1875.00
   1925.00
   1975.00
   2025.00
   2075.00
   2125.00
   2175.00
   2225.00
   2275.00
   2325.00
   2375.00
   2425.00
   2475.00
   2525.00
   2575.00
   2625.00
   2675.00
   2725.00
   2775.00
   2825.00
   2875.00
   2925.00
   2975.00
   3026.00
   3078.02
   3131.08
   3185.20
   3240.41
   3296.71
   3354.15
   3412.73
   3472.49
   3533.44
   3595.60
   3659.02
   3723.70
   3789.67
   3856.96
   3925.60
   3995.62
   4067.03
   4139.87
   4214.17
   4289.95
   4367.25
   4446.09
   4526.51
   4608.54
   4692.22
   4777.56
   4864.61
   4953.40
