  z[m] p[mb] tp[K] q[g/kg] u[m/s] v[m/s]
 0. 40 1008.294617
   -999.00        1000.0        300.53        18.358        1.1986      -0.61543    
   -999.00        975.00        300.91        17.759        1.5234      -0.86718    
   -999.00        950.00        301.46        16.764        1.8155       -1.0000    
   -999.00        925.00        302.22        15.509        2.0887      -0.97052    
   -999.00        900.00        303.18        14.190        2.3916      -0.81241    
   -999.00        875.00        304.26        13.064        2.6835      -0.62164    
   -999.00        850.00        305.43        12.074        2.9273      -0.46408    
   -999.00        825.00        306.70        11.155        3.1413      -0.33837    
   -999.00        800.00        308.06        10.273        3.3145      -0.24054    
   -999.00        775.00        309.46        9.4494        3.4236      -0.14835    
   -999.00        750.00        310.87        8.6936        3.4245      -0.58682E-01
   -999.00        725.00        312.28        8.0155        3.3275       0.24317E-01
   -999.00        700.00        313.68        7.3944        3.1491       0.84328E-01
   -999.00        675.00        315.08        6.8226        2.8813       0.10532    
   -999.00        650.00        316.51        6.2841        2.5178       0.95823E-01
   -999.00        625.00        317.99        5.7714        2.0731       0.90824E-01
   -999.00        600.00        319.55        5.2739        1.5832       0.11311    
   -999.00        575.00        321.25        4.7955        1.0971       0.16756    
   -999.00        550.00        323.08        4.3020       0.63923       0.23358    
   -999.00        525.00        325.02        3.8046       0.22798       0.26891    
   -999.00        500.00        327.00        3.3229      -0.16444       0.22896    
   -999.00        475.00        329.03        2.8834      -0.56566       0.94602E-01
   -999.00        450.00        331.09        2.4727      -0.98791      -0.10515    
   -999.00        425.00        333.20        2.0805       -1.3985      -0.27322    
   -999.00        400.00        335.30        1.7090       -1.7376      -0.31837    
   -999.00        375.00        337.34        1.3689       -2.0343      -0.20678    
   -999.00        350.00        339.30        1.0620       -2.3225       0.77758E-02
   -999.00        325.00        341.13       0.79100       -2.6714       0.26436    
   -999.00        300.00        342.82       0.56409       -3.1247       0.52894    
   -999.00        275.00        344.35       0.38297       -3.7111       0.79088    
   -999.00        250.00        345.74       0.24678       -4.5314        1.0425    
   -999.00        225.00        347.03       0.14699       -5.5880        1.1942    
   -999.00        200.00        348.35       0.80375E-01   -6.8861        1.2219    
   -999.00        175.00        349.91       0.36310E-01   -8.5300        1.0874    
   -999.00        150.00        352.37       0.15793E-01   -10.460       0.66320    
   -999.00        125.00        358.10       0.68539E-02   -11.125       0.80869E-01
   -999.00        100.00        376.08       0.55095E-02   -10.290      -0.19318    
   -999.00        75.000        417.47       0.10558E-01   -6.4349      -0.19257    
   -999.00        50.000        489.55       0.37475E-01    1.5765       0.26944E-01
   -999.00        25.000        624.52       0.19410        13.737       0.37766E-01
1000.  40 1008.294617
   -999.00        1000.0        300.53        18.358        1.1986      -0.61543    
   -999.00        975.00        300.91        17.759        1.5234      -0.86718    
   -999.00        950.00        301.46        16.764        1.8155       -1.0000    
   -999.00        925.00        302.22        15.509        2.0887      -0.97052    
   -999.00        900.00        303.18        14.190        2.3916      -0.81241    
   -999.00        875.00        304.26        13.064        2.6835      -0.62164    
   -999.00        850.00        305.43        12.074        2.9273      -0.46408    
   -999.00        825.00        306.70        11.155        3.1413      -0.33837    
   -999.00        800.00        308.06        10.273        3.3145      -0.24054    
   -999.00        775.00        309.46        9.4494        3.4236      -0.14835    
   -999.00        750.00        310.87        8.6936        3.4245      -0.58682E-01
   -999.00        725.00        312.28        8.0155        3.3275       0.24317E-01
   -999.00        700.00        313.68        7.3944        3.1491       0.84328E-01
   -999.00        675.00        315.08        6.8226        2.8813       0.10532    
   -999.00        650.00        316.51        6.2841        2.5178       0.95823E-01
   -999.00        625.00        317.99        5.7714        2.0731       0.90824E-01
   -999.00        600.00        319.55        5.2739        1.5832       0.11311    
   -999.00        575.00        321.25        4.7955        1.0971       0.16756    
   -999.00        550.00        323.08        4.3020       0.63923       0.23358    
   -999.00        525.00        325.02        3.8046       0.22798       0.26891    
   -999.00        500.00        327.00        3.3229      -0.16444       0.22896    
   -999.00        475.00        329.03        2.8834      -0.56566       0.94602E-01
   -999.00        450.00        331.09        2.4727      -0.98791      -0.10515    
   -999.00        425.00        333.20        2.0805       -1.3985      -0.27322    
   -999.00        400.00        335.30        1.7090       -1.7376      -0.31837    
   -999.00        375.00        337.34        1.3689       -2.0343      -0.20678    
   -999.00        350.00        339.30        1.0620       -2.3225       0.77758E-02
   -999.00        325.00        341.13       0.79100       -2.6714       0.26436    
   -999.00        300.00        342.82       0.56409       -3.1247       0.52894    
   -999.00        275.00        344.35       0.38297       -3.7111       0.79088    
   -999.00        250.00        345.74       0.24678       -4.5314        1.0425    
   -999.00        225.00        347.03       0.14699       -5.5880        1.1942    
   -999.00        200.00        348.35       0.80375E-01   -6.8861        1.2219    
   -999.00        175.00        349.91       0.36310E-01   -8.5300        1.0874    
   -999.00        150.00        352.37       0.15793E-01   -10.460       0.66320    
   -999.00        125.00        358.10       0.68539E-02   -11.125       0.80869E-01
   -999.00        100.00        376.08       0.55095E-02   -10.290      -0.19318    
   -999.00        75.000        417.47       0.10558E-01   -6.4349      -0.19257    
   -999.00        50.000        489.55       0.37475E-01    1.5765       0.26944E-01
   -999.00        25.000        624.52       0.19410        13.737       0.37766E-01
