 z[m] p[mb] tp[K] q[g/kg] u[m/s] v[m/s]
 0.,  8, 970.  day,levels,pres0
0.	-999.   299.00	15.20	10.0	0.0
50.	-999.   301.50	15.17	10.0	0.0
350.	-999.   302.50	14.98	10.0	0.0
650.	-999.   303.53	14.80	10.0	0.0
700.	-999.   303.70	14.70	10.0	0.0
1300.	-999.   307.13	13.50	10.0	0.0
2500.	-999.   314.00	3.00	10.0	0.0
5500.	-999.   343.20	3.00	10.0	0.0
 2.,  8, 970.  day,levels,pres0
0.	-999.   299.00	15.20	10.0	0.0
50.	-999.   301.50	15.17	10.0	0.0
350.	-999.   302.50	14.98	10.0	0.0
650.	-999.   303.53	14.80	10.0	0.0
700.	-999.   303.70	14.70	10.0	0.0
1300.	-999.   307.13	13.50	10.0	0.0
2500.	-999.   314.00	3.00	10.0	0.0
5500.	-999.   343.20	3.00	10.0	0.0

