 z[m] p[mb] tls[K/s] qls[kg/kg/s] uls vls wls[m/s]
 0.,  33,  1012.  day,levels,pres0
         46.6     1006.68   0.9722E-05   0.2225E-07     -1.00      0.00      0.00
        160.3      993.76  -0.8830E-05   0.3560E-07     -1.00      0.00      0.00
        301.7      977.87  -0.3742E-04   0.5877E-07     -1.40      0.00      0.00
        470.7      959.12  -0.7246E-04   0.8763E-07     -1.70      0.00      0.00
        667.2      937.67  -0.1095E-03   0.1145E-06     -1.80      0.00      0.00
        891.4      913.70  -0.1449E-03   0.1325E-06     -2.10      0.00      0.00
       1143.1      887.38  -0.1803E-03   0.1481E-06     -2.60      0.00      0.00
       1422.4      858.91  -0.2071E-03   0.1509E-06     -3.60      0.00      0.00
       1729.3      828.51  -0.2320E-03   0.1520E-06     -4.90      0.00      0.00
       2063.8      796.40  -0.2468E-03   0.1468E-06     -6.70      0.00      0.00
       2425.9      762.83  -0.2601E-03   0.1405E-06     -8.70      0.00      0.00
       2815.5      728.03  -0.2687E-03   0.1322E-06    -10.60      0.00      0.00
       3232.8      692.23  -0.2761E-03   0.1230E-06    -12.20      0.00      0.00
       3677.6      655.67  -0.2812E-03   0.1126E-06    -13.20      0.00      0.00
       4150.0      618.59  -0.2837E-03   0.1022E-06    -13.10      0.00      0.00
       4650.0      581.27  -0.2830E-03   0.9217E-07    -12.00      0.00      0.00
       5177.6      543.94  -0.2772E-03   0.8249E-07     -9.70      0.00      0.00
       5732.8      506.84  -0.2675E-03   0.7315E-07     -6.60      0.00      0.00
       6315.5      470.17  -0.2539E-03   0.6355E-07     -3.20      0.00      0.00
       6925.9      434.13  -0.2389E-03   0.5396E-07     -0.30      0.00      0.00
       7563.8      398.88  -0.2191E-03   0.4474E-07      1.30      0.00      0.00
       8229.3      364.59  -0.1967E-03   0.3584E-07      1.30      0.00      0.00
       8922.4      331.38  -0.1643E-03   0.2744E-07      0.40      0.00      0.00
       9643.1      299.38  -0.1277E-03   0.1969E-07     -1.00      0.00      0.00
      10391.4      268.72  -0.8811E-04   0.1255E-07     -2.90      0.00      0.00
      11167.2      239.49  -0.5752E-04   0.7277E-08     -4.30      0.00      0.00
      11970.7      211.81  -0.3512E-04   0.3502E-08     -4.50      0.00      0.00
      12801.7      185.81  -0.2009E-04   0.1215E-08     -2.80      0.00      0.00
      13660.3      161.60  -0.9754E-05   0.3406E-09     -0.60      0.00      0.00
      14546.6      139.36  -0.3603E-05   0.6110E-10     -0.50      0.00      0.00
      15460.3      119.24  -0.0000E+00   0.0000E+00     -2.20      0.00      0.00
      16401.7      101.39  -0.0000E+00   0.0000E+00     -2.50      0.00      0.00
      17370.7       85.80  -0.0000E+00   0.0000E+00     -3.00      0.00      0.00
 999.,  33,  1012.  day,levels,pres0
         46.6     1006.68   0.9722E-05   0.2225E-07     -1.00      0.00      0.00
        160.3      993.76  -0.8830E-05   0.3560E-07     -1.00      0.00      0.00
        301.7      977.87  -0.3742E-04   0.5877E-07     -1.40      0.00      0.00
        470.7      959.12  -0.7246E-04   0.8763E-07     -1.70      0.00      0.00
        667.2      937.67  -0.1095E-03   0.1145E-06     -1.80      0.00      0.00
        891.4      913.70  -0.1449E-03   0.1325E-06     -2.10      0.00      0.00
       1143.1      887.38  -0.1803E-03   0.1481E-06     -2.60      0.00      0.00
       1422.4      858.91  -0.2071E-03   0.1509E-06     -3.60      0.00      0.00
       1729.3      828.51  -0.2320E-03   0.1520E-06     -4.90      0.00      0.00
       2063.8      796.40  -0.2468E-03   0.1468E-06     -6.70      0.00      0.00
       2425.9      762.83  -0.2601E-03   0.1405E-06     -8.70      0.00      0.00
       2815.5      728.03  -0.2687E-03   0.1322E-06    -10.60      0.00      0.00
       3232.8      692.23  -0.2761E-03   0.1230E-06    -12.20      0.00      0.00
       3677.6      655.67  -0.2812E-03   0.1126E-06    -13.20      0.00      0.00
       4150.0      618.59  -0.2837E-03   0.1022E-06    -13.10      0.00      0.00
       4650.0      581.27  -0.2830E-03   0.9217E-07    -12.00      0.00      0.00
       5177.6      543.94  -0.2772E-03   0.8249E-07     -9.70      0.00      0.00
       5732.8      506.84  -0.2675E-03   0.7315E-07     -6.60      0.00      0.00
       6315.5      470.17  -0.2539E-03   0.6355E-07     -3.20      0.00      0.00
       6925.9      434.13  -0.2389E-03   0.5396E-07     -0.30      0.00      0.00
       7563.8      398.88  -0.2191E-03   0.4474E-07      1.30      0.00      0.00
       8229.3      364.59  -0.1967E-03   0.3584E-07      1.30      0.00      0.00
       8922.4      331.38  -0.1643E-03   0.2744E-07      0.40      0.00      0.00
       9643.1      299.38  -0.1277E-03   0.1969E-07     -1.00      0.00      0.00
      10391.4      268.72  -0.8811E-04   0.1255E-07     -2.90      0.00      0.00
      11167.2      239.49  -0.5752E-04   0.7277E-08     -4.30      0.00      0.00
      11970.7      211.81  -0.3512E-04   0.3502E-08     -4.50      0.00      0.00
      12801.7      185.81  -0.2009E-04   0.1215E-08     -2.80      0.00      0.00
      13660.3      161.60  -0.9754E-05   0.3406E-09     -0.60      0.00      0.00
      14546.6      139.36  -0.3603E-05   0.6110E-10     -0.50      0.00      0.00
      15460.3      119.24  -0.0000E+00   0.0000E+00     -2.20      0.00      0.00
      16401.7      101.39  -0.0000E+00   0.0000E+00     -2.50      0.00      0.00
      17370.7       85.80  -0.0000E+00   0.0000E+00     -3.00      0.00      0.00
