         10.00
         30.00
         50.00
         70.00
         90.00
        110.00
        130.00
        150.00
        170.00
        190.00
        210.00
        230.00
        250.00
        270.00
        290.00
        310.00
        330.00
        350.00
        370.00
        390.00
        410.00
        430.00
        450.00
        470.00
        490.00
        510.00
        530.00
        550.00
        570.00
        590.00
        610.00
        630.00
        650.00
        670.00
        690.00
        710.00
        730.00
        750.00
        770.00
        790.00
        810.00
        830.00
        850.00
        870.00
        890.00
        910.00
        930.00
        950.00
        970.00
        990.00
       1010.00
       1030.00
       1050.00
       1070.00
       1090.00
       1110.00
       1130.00
       1150.00
       1170.00
       1190.00
       1210.00
       1230.00
       1250.00
       1270.00
       1290.00
       1310.00
       1330.00
       1350.00
       1370.00
       1390.00
       1410.00
       1430.00
       1450.00
       1470.00
       1490.00
       1510.00
       1530.00
       1550.00
       1570.00
       1590.00
       1610.00
       1630.00
       1650.00
       1670.00
       1690.00
       1710.00
       1730.00
       1750.00
       1770.00
       1790.00
       1810.00
       1830.00
       1850.00
       1870.00
       1890.00
       1910.00
       1930.00
       1950.00
       1970.00
       1990.00
       2010.00
       2030.00
       2050.00
       2070.00
       2090.00
       2110.00
       2130.00
       2150.00
       2170.00
       2190.00
       2210.00
       2230.00
       2250.00
       2270.00
       2290.00
       2310.00
       2330.00
       2350.00
       2370.00
       2390.00
       2410.00
       2430.00
       2450.00
       2470.00
       2490.00
       2510.00
       2530.00
       2550.00
       2570.00
       2590.00
       2610.00
       2630.00
       2650.00
       2670.00
       2690.00
       2710.00
       2730.00
       2750.00
       2770.00
       2790.00
       2810.00
       2830.00
       2850.00
       2870.00
       2890.00
       2910.00
       2930.00
       2950.00
       2970.00
       2990.00
       3010.00
       3030.00
       3050.00
       3070.00
       3090.00
       3110.00
       3130.00
       3150.00
       3170.00
       3190.00
       3210.00
       3230.00
       3250.00
       3270.00
       3290.00
       3310.00
       3330.00
       3350.00
       3370.00
       3390.00
       3410.00
       3430.00
       3450.00
       3470.00
       3490.00
       3510.00
       3530.00
       3550.00
       3570.00
       3590.00
       3610.00
       3630.00
       3650.00
       3670.00
       3690.00
       3710.00
       3730.00
       3750.00
       3770.00
       3790.00
       3810.00
       3830.00
       3850.00
       3870.00
       3890.00
       3910.00
       3930.00
       3950.00
       3970.00
       3990.00
       4010.00
       4030.00
       4050.01
       4070.03
       4090.06
       4110.12
       4130.21
       4150.34
       4170.53
       4190.78
       4211.12
       4231.56
       4252.12
       4272.82
       4293.68
       4314.73
       4335.98
       4357.46
       4379.21
       4401.25
       4423.60
       4446.31
       4469.40
       4492.92
       4516.89
       4541.36
       4566.36
       4591.94
       4618.13
       4644.99
       4672.56
       4700.88
       4730.01
       4760.00
       4790.89
       4822.73
       4855.60
       4889.53
       4924.60
       4960.85
       4998.35
       5037.16
       5077.35
       5118.98
       5162.12
       5206.83
       5253.19
       5301.27
       5351.14
       5402.87
       5456.55
       5512.25
       5570.04
       5630.02
       5692.26
       5756.84
       5823.85
       5893.38
       5965.52
       6040.35
       6117.97
       6198.47
       6281.94
       6368.48
       6458.19
       6551.17
       6647.51
       6747.33
       6850.72
       6957.78
       7068.63
       7183.37
       7302.11
       7424.97
       7552.05
       7683.47
       7819.35
       7959.80
       8104.95
       8254.90
       8409.79
       8569.74
       8734.87
       8905.31
       9081.18
       9262.62
       9449.76
       9642.72
       9841.65
      10046.68
      10257.95
      10475.59
      10699.74
      10930.55
      11168.16
      11412.71
      11664.35
      11923.23
      12189.50
      12463.31
      12744.80
      13034.14
      13331.48
      13636.97
      13950.78
      14273.07
      14603.98
      14943.70
      15292.38
      15650.19
      16017.30
      16393.87
      16780.07
      17176.09
      17582.09
      17998.24
      18424.73
      18861.73
      19309.42
      19767.98
