         40.00
        120.00
        200.00
        280.00
        360.00
        440.00
        520.00
        600.00
        680.00
        760.00
        840.00
        920.00
       1000.00
       1080.00
       1160.00
       1240.00
       1320.00
       1400.00
       1480.00
       1560.00
       1640.00
       1720.00
       1800.00
       1880.00
       1960.00
       2040.00
       2120.00
       2200.00
       2280.00
       2360.00
       2440.00
       2520.00
       2600.00
       2680.00
       2760.00
       2840.00
       2920.00
       3000.00
       3080.00
       3160.00
       3240.00
       3320.00
       3400.00
       3480.00
       3560.00
       3640.00
       3720.00
       3800.00
       3880.00
       3960.00
       4040.00
       4120.00
       4200.00
       4280.00
       4360.00
       4440.00
       4520.00
       4600.00
       4680.00
       4760.00
       4840.00
       4920.00
       5000.00
       5080.00
       5160.00
       5240.00
       5320.00
       5400.00
       5480.00
       5560.00
       5640.00
       5720.00
       5800.00
       5880.00
       5960.00
       6040.01
       6120.06
       6200.19
       6280.51
       6361.10
       6442.12
       6523.73
       6606.12
       6689.50
       6774.14
       6860.30
       6948.29
       7038.44
       7131.10
       7226.67
       7325.55
       7428.18
       7535.04
       7646.62
       7763.44
       7886.06
       8015.05
       8151.01
       8294.59
       8446.45
       8607.26
       8777.76
       8958.67
       9150.78
       9354.89
       9571.81
       9802.40
      10047.55
      10308.16
      10585.18
      10879.55
      11192.29
      11524.39
      11876.92
      12250.95
      12647.57
      13067.93
      13513.16
      13984.47
      14483.06
      15010.17
      15567.06
      16155.04
      16775.43
      17429.57
      18118.84
      18844.66
      19608.44
