  z[m] p[mb] tpls[K/s] qls[kg/kg/s] uls_hor vls_hor wls[m/s]
0. 40 1008.294617
   -999.00        1000.0      -0.53428E-06  -0.17511E-08    1.1986      -0.61543       0.29019E-04
   -999.00        975.00      -0.89865E-06  -0.85659E-09    1.5234      -0.86718       0.17015E-03
   -999.00        950.00      -0.84222E-06  -0.10451E-08    1.8155       -1.0000       0.41023E-03
   -999.00        925.00      -0.63869E-06  -0.13330E-08    2.0887      -0.97052       0.65491E-03
   -999.00        900.00      -0.53206E-06  -0.10805E-08    2.3916      -0.81241       0.90209E-03
   -999.00        875.00      -0.44364E-06  -0.49230E-09    2.6835      -0.62164       0.11438E-02
   -999.00        850.00      -0.22394E-06  -0.75410E-10    2.9272      -0.46408       0.13737E-02
   -999.00        825.00       0.17762E-06  -0.37530E-09    3.1413      -0.33837       0.15879E-02
   -999.00        800.00       0.43411E-06  -0.80176E-09    3.3145      -0.24054       0.17948E-02
   -999.00        775.00       0.57154E-06  -0.14731E-08    3.4236      -0.14835       0.20065E-02
   -999.00        750.00       0.52252E-06  -0.17157E-08    3.4245      -0.58683E-01   0.22307E-02
   -999.00        725.00       0.41635E-06  -0.18904E-08    3.3275       0.24318E-01   0.24910E-02
   -999.00        700.00       0.29773E-06  -0.18733E-08    3.1491       0.84329E-01   0.27808E-02
   -999.00        675.00       0.25310E-06  -0.23659E-08    2.8813       0.10532       0.30950E-02
   -999.00        650.00       0.26778E-06  -0.26845E-08    2.5178       0.95825E-01   0.33971E-02
   -999.00        625.00       0.34336E-06  -0.25447E-08    2.0730       0.90825E-01   0.36601E-02
   -999.00        600.00       0.38187E-06  -0.23723E-08    1.5832       0.11310       0.38900E-02
   -999.00        575.00       0.32021E-06  -0.20032E-08    1.0971       0.16756       0.41077E-02
   -999.00        550.00       0.27015E-06  -0.18355E-08   0.63923       0.23358       0.43228E-02
   -999.00        525.00       0.20735E-06  -0.16884E-08   0.22798       0.26891       0.45150E-02
   -999.00        500.00       0.10416E-06  -0.16912E-08  -0.16444       0.22896       0.46839E-02
   -999.00        475.00      -0.14312E-06  -0.14952E-08  -0.56566       0.94601E-01   0.48727E-02
   -999.00        450.00      -0.30543E-06  -0.12865E-08  -0.98791      -0.10515       0.51445E-02
   -999.00        425.00      -0.22151E-06  -0.11606E-08   -1.3985      -0.27322       0.55735E-02
   -999.00        400.00       0.94345E-07  -0.10374E-08   -1.7376      -0.31837       0.61681E-02
   -999.00        375.00       0.55126E-06  -0.81384E-09   -2.0343      -0.20678       0.68630E-02
   -999.00        350.00       0.11190E-05  -0.58177E-09   -2.3225       0.77730E-02   0.75207E-02
   -999.00        325.00       0.16495E-05  -0.31186E-09   -2.6714       0.26436       0.80282E-02
   -999.00        300.00       0.22761E-05  -0.12516E-09   -3.1247       0.52894       0.84136E-02
   -999.00        275.00       0.29492E-05  -0.31571E-10   -3.7111       0.79088       0.87478E-02
   -999.00        250.00       0.36454E-05  -0.72903E-10   -4.5313        1.0425       0.89474E-02
   -999.00        225.00       0.40800E-05  -0.96867E-10   -5.5880        1.1942       0.88075E-02
   -999.00        200.00       0.43365E-05  -0.80405E-10   -6.8861        1.2219       0.81507E-02
   -999.00        175.00       0.42148E-05  -0.49280E-10   -8.5300        1.0875       0.69662E-02
   -999.00        150.00       0.20661E-05  -0.25135E-10   -10.460       0.66320       0.48319E-02
   -999.00        125.00      -0.85781E-06  -0.16326E-10   -11.125       0.80868E-01   0.20399E-02
   -999.00        100.00      -0.30561E-05  -0.17090E-10   -10.290      -0.19318        0.0000    
   -999.00        75.000        0.0000        0.0000       -6.4349      -0.19257        0.0000    
   -999.00        50.000        0.0000        0.0000        1.5765       0.26943E-01    0.0000    
   -999.00        25.000        0.0000        0.0000        13.737       0.37767E-01    0.0000    
1000. 40 1008.294617
   -999.00        1000.0      -0.53428E-06  -0.17511E-08    1.1986      -0.61543       0.29019E-04
   -999.00        975.00      -0.89865E-06  -0.85659E-09    1.5234      -0.86718       0.17015E-03
   -999.00        950.00      -0.84222E-06  -0.10451E-08    1.8155       -1.0000       0.41023E-03
   -999.00        925.00      -0.63869E-06  -0.13330E-08    2.0887      -0.97052       0.65491E-03
   -999.00        900.00      -0.53206E-06  -0.10805E-08    2.3916      -0.81241       0.90209E-03
   -999.00        875.00      -0.44364E-06  -0.49230E-09    2.6835      -0.62164       0.11438E-02
   -999.00        850.00      -0.22394E-06  -0.75410E-10    2.9272      -0.46408       0.13737E-02
   -999.00        825.00       0.17762E-06  -0.37530E-09    3.1413      -0.33837       0.15879E-02
   -999.00        800.00       0.43411E-06  -0.80176E-09    3.3145      -0.24054       0.17948E-02
   -999.00        775.00       0.57154E-06  -0.14731E-08    3.4236      -0.14835       0.20065E-02
   -999.00        750.00       0.52252E-06  -0.17157E-08    3.4245      -0.58683E-01   0.22307E-02
   -999.00        725.00       0.41635E-06  -0.18904E-08    3.3275       0.24318E-01   0.24910E-02
   -999.00        700.00       0.29773E-06  -0.18733E-08    3.1491       0.84329E-01   0.27808E-02
   -999.00        675.00       0.25310E-06  -0.23659E-08    2.8813       0.10532       0.30950E-02
   -999.00        650.00       0.26778E-06  -0.26845E-08    2.5178       0.95825E-01   0.33971E-02
   -999.00        625.00       0.34336E-06  -0.25447E-08    2.0730       0.90825E-01   0.36601E-02
   -999.00        600.00       0.38187E-06  -0.23723E-08    1.5832       0.11310       0.38900E-02
   -999.00        575.00       0.32021E-06  -0.20032E-08    1.0971       0.16756       0.41077E-02
   -999.00        550.00       0.27015E-06  -0.18355E-08   0.63923       0.23358       0.43228E-02
   -999.00        525.00       0.20735E-06  -0.16884E-08   0.22798       0.26891       0.45150E-02
   -999.00        500.00       0.10416E-06  -0.16912E-08  -0.16444       0.22896       0.46839E-02
   -999.00        475.00      -0.14312E-06  -0.14952E-08  -0.56566       0.94601E-01   0.48727E-02
   -999.00        450.00      -0.30543E-06  -0.12865E-08  -0.98791      -0.10515       0.51445E-02
   -999.00        425.00      -0.22151E-06  -0.11606E-08   -1.3985      -0.27322       0.55735E-02
   -999.00        400.00       0.94345E-07  -0.10374E-08   -1.7376      -0.31837       0.61681E-02
   -999.00        375.00       0.55126E-06  -0.81384E-09   -2.0343      -0.20678       0.68630E-02
   -999.00        350.00       0.11190E-05  -0.58177E-09   -2.3225       0.77730E-02   0.75207E-02
   -999.00        325.00       0.16495E-05  -0.31186E-09   -2.6714       0.26436       0.80282E-02
   -999.00        300.00       0.22761E-05  -0.12516E-09   -3.1247       0.52894       0.84136E-02
   -999.00        275.00       0.29492E-05  -0.31571E-10   -3.7111       0.79088       0.87478E-02
   -999.00        250.00       0.36454E-05  -0.72903E-10   -4.5313        1.0425       0.89474E-02
   -999.00        225.00       0.40800E-05  -0.96867E-10   -5.5880        1.1942       0.88075E-02
   -999.00        200.00       0.43365E-05  -0.80405E-10   -6.8861        1.2219       0.81507E-02
   -999.00        175.00       0.42148E-05  -0.49280E-10   -8.5300        1.0875       0.69662E-02
   -999.00        150.00       0.20661E-05  -0.25135E-10   -10.460       0.66320       0.48319E-02
   -999.00        125.00      -0.85781E-06  -0.16326E-10   -11.125       0.80868E-01   0.20399E-02
   -999.00        100.00      -0.30561E-05  -0.17090E-10   -10.290      -0.19318        0.0000    
   -999.00        75.000        0.0000        0.0000       -6.4349      -0.19257        0.0000    
   -999.00        50.000        0.0000        0.0000        1.5765       0.26943E-01    0.0000    
   -999.00        25.000        0.0000        0.0000        13.737       0.37767E-01    0.0000    
