  day sst(K) H(W/m2) LE(W/m2) TAU(m2/s2)
 306.250000000000000 302.147300208768456 6.49574718162839204 130.744687432150386 0.0000000000E+00
 306.500000000000000 302.147224208768421 6.45558718162839185 130.483787432150393 0.0000000000E+00
 306.750000000000000 302.147064208768427 6.41490718162839180 130.203787432150392 0.0000000000E+00
 307.000000000000000 302.146815208768430 6.37381718162839217 129.905387432150405 0.0000000000E+00
 307.250000000000000 302.146472208768444 6.33240718162839222 129.589387432150403 0.0000000000E+00
 307.500000000000000 302.146031208768420 6.29078718162839223 129.256717432150396 0.0000000000E+00
 307.750000000000000 302.145488208768427 6.24904218162839165 128.908227432150397 0.0000000000E+00
 308.000000000000000 302.144840208768471 6.20727118162839187 128.544877432150400 0.0000000000E+00
 308.250000000000000 302.144084208768447 6.16556718162839168 128.167637432150400 0.0000000000E+00
 308.500000000000000 302.143217208768419 6.12401918162839198 127.777527432150393 0.0000000000E+00
 308.750000000000000 302.142238208768447 6.08271718162839203 127.375597432150400 0.0000000000E+00
 309.000000000000000 302.141145208768421 6.04174718162839230 126.962917432150391 0.0000000000E+00
 309.250000000000000 302.139937208768458 6.00118918162839243 126.540587432150389 0.0000000000E+00
 309.500000000000000 302.138614208768445 5.96112518162839233 126.109717432150390 0.0000000000E+00
 309.750000000000000 302.137175208768440 5.92162918162839169 125.671457432150390 0.0000000000E+00
 310.000000000000000 302.135620208768444 5.88277418162839183 125.226937432150393 0.0000000000E+00
 310.250000000000000 302.133952208768449 5.84462818162839159 124.777327432150400 0.0000000000E+00
 310.500000000000000 302.132171208768455 5.80725418162839180 124.323767432150390 0.0000000000E+00
 310.750000000000000 302.130280208768454 5.77071218162839195 123.867427432150393 0.0000000000E+00
 311.000000000000000 302.128281208768442 5.73505718162839173 123.409457432150390 0.0000000000E+00
 311.250000000000000 302.126177208768468 5.70034018162839207 122.951007432150391 0.0000000000E+00
 311.500000000000000 302.123972208768464 5.66660418162839186 122.493197432150396 0.0000000000E+00
 311.750000000000000 302.121671208768419 5.63389118162839164 122.037157432150394 0.0000000000E+00
 312.000000000000000 302.119278208768435 5.60223618162839188 121.583987432150394 0.0000000000E+00
 312.250000000000000 302.116798208768444 5.57166818162839217 121.134767432150397 0.0000000000E+00
 312.500000000000000 302.114237208768429 5.54221318162839172 120.690527432150390 0.0000000000E+00
 312.750000000000000 302.111603208768429 5.51388818162839200 120.252305432150393 0.0000000000E+00
 313.000000000000000 302.108900208768432 5.48670918162839172 119.821077432150389 0.0000000000E+00
 313.250000000000000 302.106138208768471 5.46068318162839184 119.397794632150394 0.0000000000E+00
 313.500000000000000 302.103324208768470 5.43581318162839189 118.983363432150398 0.0000000000E+00
 313.750000000000000 302.100465208768469 5.41209618162839234 118.578648432150388 0.0000000000E+00
 314.000000000000000 302.097572208768440 5.38952408162839181 118.184467432150399 0.0000000000E+00
 314.250000000000000 302.094653208768420 5.36808388162839201 117.801597432150388 0.0000000000E+00
 314.500000000000000 302.091718208768441 5.34775638162839240 117.430747432150397 0.0000000000E+00
 314.750000000000000 302.088777208768420 5.32851728162839233 117.072577432150396 0.0000000000E+00
 315.000000000000000 302.085841208768443 5.31033751162839174 116.727717432150399 0.0000000000E+00
 315.250000000000000 302.082919208768431 5.29318258162839239 116.396697432150390 0.0000000000E+00
 315.500000000000000 302.080025208768461 5.27701328162839189 116.080017432150399 0.0000000000E+00
 315.750000000000000 302.077168208768455 5.26178568162839166 115.778107432150392 0.0000000000E+00
 316.000000000000000 302.074361208768437 5.24745108162839191 115.491337432150388 0.0000000000E+00
 316.250000000000000 302.071616208768432 5.23395658162839172 115.220007432150396 0.0000000000E+00
 316.500000000000000 302.068946208768466 5.22124508162839174 114.964357432150393 0.0000000000E+00
 316.750000000000000 302.066361208768456 5.20925518162839207 114.724567432150394 0.0000000000E+00
 317.000000000000000 302.063877208768417 5.19792218162839159 114.500737432150387 0.0000000000E+00
 317.250000000000000 302.061504208768440 5.18717818162839173 114.292907432150400 0.0000000000E+00
 317.500000000000000 302.059256208768431 5.17695018162839204 114.101057432150398 0.0000000000E+00
 317.750000000000000 302.057146208768472 5.16716418162839197 113.925107432150398 0.0000000000E+00
 318.000000000000000 302.055187208768473 5.15774318162839229 113.764887432150388 0.0000000000E+00
 318.250000000000000 302.053392208768457 5.14860718162839159 113.620187432150388 0.0000000000E+00
 318.500000000000000 302.051774208768450 5.13967518162839188 113.490717432150390 0.0000000000E+00
 318.750000000000000 302.050346208768474 5.13086218162839192 113.376127432150398 0.0000000000E+00
 319.000000000000000 302.049121208768440 5.12208318162839227 113.276017432150397 0.0000000000E+00
 319.250000000000000 302.048112208768430 5.11325218162839157 113.189917432150395 0.0000000000E+00
 319.500000000000000 302.047331208768469 5.10428218162839187 113.117297432150394 0.0000000000E+00
 319.750000000000000 302.046790208768471 5.09508618162839166 113.057577432150396 0.0000000000E+00
 320.000000000000000 302.046502208768459 5.08557518162839184 113.010127432150398 0.0000000000E+00
 320.250000000000000 302.046479208768460 5.07566218162839178 112.974247432150392 0.0000000000E+00
 320.500000000000000 302.046731208768449 5.06526018162839176 112.949197432150399 0.0000000000E+00
 320.750000000000000 302.047271208768450 5.05428318162839219 112.934217432150390 0.0000000000E+00
 321.000000000000000 302.048110208768435 5.04264618162839184 112.928457432150395 0.0000000000E+00
 321.250000000000000 302.049256208768441 5.03026618162839156 112.931057432150396 0.0000000000E+00
 321.500000000000000 302.050722208768434 5.01706118162839232 112.941117432150392 0.0000000000E+00
 321.750000000000000 302.052515208768455 5.00295218162839195 112.957697432150397 0.0000000000E+00
 322.000000000000000 302.054645208768420 4.98786418162839240 112.979817432150398 0.0000000000E+00
 322.250000000000000 302.057121208768422 4.97172118162839194 113.006507432150400 0.0000000000E+00
 322.500000000000000 302.059951208768439 4.95445518162839171 113.036727432150400 0.0000000000E+00
 322.750000000000000 302.063141208768457 4.93599718162839185 113.069447432150398 0.0000000000E+00
 323.000000000000000 302.066698208768457 4.91628618162839182 113.103617432150401 0.0000000000E+00
 323.250000000000000 302.070629208768423 4.89526218162839211 113.138167432150397 0.0000000000E+00
 323.500000000000000 302.074938208768458 4.87287118162839228 113.172047432150393 0.0000000000E+00
 323.750000000000000 302.079630208768435 4.84906418162839170 113.204157432150396 0.0000000000E+00
 324.000000000000000 302.084709208768459 4.82379618162839208 113.233447432150399 0.0000000000E+00
 324.250000000000000 302.090179208768461 4.79702818162839151 113.258837432150386 0.0000000000E+00
 324.500000000000000 302.096041208768440 4.76872618162839235 113.279287432150397 0.0000000000E+00
 324.750000000000000 302.102297208768448 4.73886118162839232 113.293737432150394 0.0000000000E+00
 325.000000000000000 302.108947208768427 4.70741218162839203 113.301167432150393 0.0000000000E+00
 325.250000000000000 302.115992208768432 4.67436218162839179 113.300577432150391 0.0000000000E+00
 325.500000000000000 302.123431208768466 4.63970218162839210 113.290987432150388 0.0000000000E+00
 325.750000000000000 302.131262208768419 4.60342818162839151 113.271467432150388 0.0000000000E+00
 326.000000000000000 302.139482208768470 4.56554218162839209 113.241087432150394 0.0000000000E+00
 326.250000000000000 302.148088208768456 4.52605518162839182 113.198977432150400 0.0000000000E+00
 326.500000000000000 302.157075208768447 4.48498318162839205 113.144317432150388 0.0000000000E+00
 326.750000000000000 302.166438208768454 4.44234918162839243 113.076307432150401 0.0000000000E+00
 327.000000000000000 302.176171408768425 4.39818318162839184 112.994217432150393 0.0000000000E+00
 327.250000000000000 302.186267408768458 4.35252318162839202 112.897377432150392 0.0000000000E+00
 327.500000000000000 302.196718208768459 4.30540718162839209 112.785137432150393 0.0000000000E+00
 327.750000000000000 302.207515308768450 4.25689718162839181 112.656937432150400 0.0000000000E+00
 328.000000000000000 302.218648808768421 4.20704718162839164 112.512277432150398 0.0000000000E+00
 328.250000000000000 302.230108308768422 4.15591718162839197 112.350717432150390 0.0000000000E+00
 328.500000000000000 302.241882408768447 4.10357718162839191 112.171877432150396 0.0000000000E+00
 328.750000000000000 302.253958808768459 4.05010718162839201 111.975467432150396 0.0000000000E+00
 329.000000000000000 302.266324688768464 3.99559718162839195 111.761237432150395 0.0000000000E+00
 329.250000000000000 302.278966038768431 3.94013718162839188 111.529047432150392 0.0000000000E+00
 329.500000000000000 302.291868308768471 3.88381718162839196 111.278807432150387 0.0000000000E+00
 329.750000000000000 302.305016008768462 3.82674718162839200 111.010527432150397 0.0000000000E+00
 330.000000000000000 302.318393008768453 3.76903718162839230 110.724267432150398 0.0000000000E+00
 330.250000000000000 302.331982508768419 3.71079718162839178 110.420207432150391 0.0000000000E+00
 330.500000000000000 302.345766908768439 3.65214718162839169 110.098557432150386 0.0000000000E+00
 330.750000000000000 302.359727908768434 3.59320718162839192 109.759667432150394 0.0000000000E+00
 331.000000000000000 302.373846208768441 3.53412718162839212 109.403887432150398 0.0000000000E+00
 331.250000000000000 302.388104208768425 3.47501718162839168 109.031787432150395 0.0000000000E+00
 331.500000000000000 302.402479208768455 3.41603718162839165 108.643887432150393 0.0000000000E+00
 331.750000000000000 302.416952208768464 3.35732718162839205 108.240787432150398 0.0000000000E+00
 332.000000000000000 302.431501208768452 3.29902718162839204 107.823287432150394 0.0000000000E+00
 332.250000000000000 302.446105208768472 3.24128718162839213 107.392187432150394 0.0000000000E+00
 332.500000000000000 302.460743208768463 3.18426718162839206 106.948287432150394 0.0000000000E+00
 332.750000000000000 302.475391208768428 3.12810718162839185 106.492587432150401 0.0000000000E+00
 333.000000000000000 302.490026208768427 3.07298718162839180 106.026287432150397 0.0000000000E+00
 333.250000000000000 302.504626208768457 3.01905718162839198 105.550287432150398 0.0000000000E+00
 333.500000000000000 302.519168208768463 2.96646718162839207 105.065787432150387 0.0000000000E+00
 333.750000000000000 302.533628208768448 2.91539718162839190 104.574187432150396 0.0000000000E+00
 334.000000000000000 302.547982208768474 2.86600718162839208 104.076687432150393 0.0000000000E+00
 334.250000000000000 302.562206208768430 2.81844718162839181 103.574687432150398 0.0000000000E+00
 334.500000000000000 302.576277208768431 2.77288718162839176 103.069687432150388 0.0000000000E+00
 334.750000000000000 302.590170208768427 2.72947718162839204 102.563087432150397 0.0000000000E+00
 335.000000000000000 302.603862208768419 2.68839718162839203 102.056487432150391 0.0000000000E+00
 335.250000000000000 302.617329208768467 2.64979718162839184 101.551487432150395 0.0000000000E+00
 335.500000000000000 302.630546208768465 2.61382718162839200 101.049687432150392 0.0000000000E+00
 335.750000000000000 302.643491208768467 2.58064718162839180 100.552787432150396 0.0000000000E+00
 336.000000000000000 302.656140208768420 2.55040718162839175 100.062587432150394 0.0000000000E+00
 336.250000000000000 302.668470208768440 2.52324718162839190 99.5807874321504016 0.0000000000E+00
 336.500000000000000 302.680459208768468 2.49931718162839189 99.1090874321503890 0.0000000000E+00
 336.750000000000000 302.692082208768454 2.47874718162839214 98.6493874321503910 0.0000000000E+00
 337.000000000000000 302.703320208768446 2.46167718162839178 98.2034874321503963 0.0000000000E+00
 337.250000000000000 302.714149208768447 2.44824718162839217 97.7731874321503938 0.0000000000E+00
 337.500000000000000 302.724548208768454 2.43855718162839175 97.3602874321503862 0.0000000000E+00
 337.750000000000000 302.734498208768457 2.43273718162839181 96.9667874321503973 0.0000000000E+00
 338.000000000000000 302.743978208768453 2.43089718162839175 96.5942874321503950 0.0000000000E+00
 338.250000000000000 302.752969208768434 2.43312718162839214 96.2447874321503889 0.0000000000E+00
 338.500000000000000 302.761452208768446 2.43954718162839201 95.9200874321503960 0.0000000000E+00
 338.750000000000000 302.769408208768425 2.45022718162839181 95.6218874321504018 0.0000000000E+00
 339.000000000000000 302.776821208768467 2.46524718162839207 95.3519874321503949 0.0000000000E+00
 339.250000000000000 302.783674208768446 2.48469718162839204 95.1121874321503924 0.0000000000E+00
 339.500000000000000 302.789952208768455 2.50862718162839204 94.9040874321503907 0.0000000000E+00
 339.750000000000000 302.795639208768421 2.53709718162839204 94.7293874321503893 0.0000000000E+00
 340.000000000000000 302.800721208768437 2.57014718162839184 94.5896874321503986 0.0000000000E+00
 340.250000000000000 302.805186208768419 2.60781718162839216 94.4865874321504009 0.0000000000E+00
 340.500000000000000 302.809021208768456 2.65014718162839191 94.4215874321503890 0.0000000000E+00
 340.750000000000000 302.812216208768461 2.69713718162839200 94.3960874321503951 0.0000000000E+00
 341.000000000000000 302.814760208768462 2.74880718162839210 94.4113874321503914 0.0000000000E+00
 341.250000000000000 302.816644208768423 2.80514718162839216 94.4688874321503960 0.0000000000E+00
 341.500000000000000 302.817861208768420 2.86614718162839210 94.5697874321503917 0.0000000000E+00
 341.750000000000000 302.818402208768418 2.93179718162839187 94.7152874321503901 0.0000000000E+00
 342.000000000000000 302.818263208768428 3.00204718162839201 94.9062874321503926 0.0000000000E+00
 342.250000000000000 302.817439208768462 3.07686718162839190 95.1437874321503898 0.0000000000E+00
 342.500000000000000 302.815925208768419 3.15619718162839202 95.4287874321503864 0.0000000000E+00
 342.750000000000000 302.813720208768473 3.23996718162839192 95.7618874321503881 0.0000000000E+00
 343.000000000000000 302.810823208768454 3.32812718162839172 96.1438874321503931 0.0000000000E+00
 343.250000000000000 302.807232208768426 3.42056718162839202 96.5751874321503863 0.0000000000E+00
 343.500000000000000 302.802950208768436 3.51720718162839230 97.0563874321503874 0.0000000000E+00
 343.750000000000000 302.797978208768427 3.61793718162839184 97.5877874321503924 0.0000000000E+00
 344.000000000000000 302.792319208768447 3.72263718162839208 98.1695874321503936 0.0000000000E+00
 344.250000000000000 302.785979208768424 3.83120718162839191 98.8018874321503944 0.0000000000E+00
 344.500000000000000 302.778961208768465 3.94347718162839200 99.4847874321503980 0.0000000000E+00
 344.750000000000000 302.771275208768429 4.05933718162839163 100.217987432150395 0.0000000000E+00
 345.000000000000000 302.762926208768420 4.17861718162839146 101.001287432150392 0.0000000000E+00
 345.250000000000000 302.753925208768464 4.30115718162839222 101.834387432150393 0.0000000000E+00
 345.500000000000000 302.744281208768427 4.42678918162839174 102.716787432150397 0.0000000000E+00
 345.750000000000000 302.734005208768451 4.55533418162839165 103.647787432150395 0.0000000000E+00
 346.000000000000000 302.723111208768444 4.68660518162839246 104.626687432150391 0.0000000000E+00
 346.250000000000000 302.711611208768431 4.82040718162839177 105.652587432150398 0.0000000000E+00
 346.500000000000000 302.699519208768436 4.95654018162839183 106.724487432150397 0.0000000000E+00
 346.750000000000000 302.686852208768471 5.09479518162839184 107.841387432150398 0.0000000000E+00
 347.000000000000000 302.673625208768442 5.23495488162839173 109.001887432150397 0.0000000000E+00
 347.250000000000000 302.659856208768474 5.37679968162839206 110.204657432150398 0.0000000000E+00
 347.500000000000000 302.645563208768465 5.52010218162839195 111.448267432150388 0.0000000000E+00
 347.750000000000000 302.630765208768423 5.66462918162839202 112.731097432150392 0.0000000000E+00
 348.000000000000000 302.615482208768469 5.81014418162839164 114.051437432150394 0.0000000000E+00
 348.250000000000000 302.599735208768436 5.95640618162839175 115.407457432150395 0.0000000000E+00
 348.500000000000000 302.583546208768439 6.10316818162839159 116.797217432150390 0.0000000000E+00
 348.750000000000000 302.566936208768425 6.25018318162839215 118.218677432150400 0.0000000000E+00
 349.000000000000000 302.549930208768444 6.39719718162839168 119.669694432150393 0.0000000000E+00
 349.250000000000000 302.532550208768441 6.54396718162839175 121.148027432150400 0.0000000000E+00
 349.500000000000000 302.514821208768467 6.69021718162839196 122.651337432150399 0.0000000000E+00
 349.750000000000000 302.496769208768455 6.83571718162839215 124.177207432150396 0.0000000000E+00
 350.000000000000000 302.478417208768462 6.98018718162839225 125.723107432150400 0.0000000000E+00
 350.250000000000000 302.459793208768474 7.12338718162839157 127.286447432150396 0.0000000000E+00
 350.500000000000000 302.440922208768427 7.26504718162839147 128.864567432150380 0.0000000000E+00
 350.750000000000000 302.421832208768421 7.40491718162839163 130.454687432150394 0.0000000000E+00
 351.000000000000000 302.402548208768451 7.54274718162839175 132.054087432150396 0.0000000000E+00
 351.250000000000000 302.383100208768440 7.67828718162839152 133.659887432150384 0.0000000000E+00
 351.500000000000000 302.363513308768461 7.81127718162839191 135.269087432150400 0.0000000000E+00
 351.750000000000000 302.343816608768464 7.94148718162839184 136.878787432150403 0.0000000000E+00
 352.000000000000000 302.324037608768435 8.06866718162839192 138.485987432150409 0.0000000000E+00
 352.250000000000000 302.304204408768442 8.19257718162839232 140.087687432150403 0.0000000000E+00
 352.500000000000000 302.284344808768424 8.31298718162839201 141.680687432150393 0.0000000000E+00
 352.750000000000000 302.264486948768422 8.42967718162839219 143.262087432150395 0.0000000000E+00
 353.000000000000000 302.244658608768418 8.54242718162839232 144.828687432150389 0.0000000000E+00
 353.250000000000000 302.224887608768427 8.65101718162839184 146.377487432150389 0.0000000000E+00
 353.500000000000000 302.205201508768425 8.75523718162839160 147.905187432150399 0.0000000000E+00
 353.750000000000000 302.185627708768436 8.85489718162839168 149.408887432150379 0.0000000000E+00
 354.000000000000000 302.166193208768448 8.94979718162839255 150.885387432150395 0.0000000000E+00
 354.250000000000000 302.146925208768437 9.03975718162839215 152.331787432150406 0.0000000000E+00
 354.500000000000000 302.127850208768450 9.12460718162839157 153.744887432150392 0.0000000000E+00
 354.750000000000000 302.108993208768425 9.20418718162839156 155.121787432150398 0.0000000000E+00
 355.000000000000000 302.090380208768465 9.27832718162839143 156.459587432150386 0.0000000000E+00
 355.250000000000000 302.072037208768450 9.34688718162839294 157.755287432150396 0.0000000000E+00
 355.500000000000000 302.053988208768430 9.40973718162839212 159.006087432150395 0.0000000000E+00
 355.750000000000000 302.036256208768464 9.46674718162839213 160.209187432150401 0.0000000000E+00
 356.000000000000000 302.018866208768429 9.51780718162839179 161.361987432150386 0.0000000000E+00
 356.250000000000000 302.001840208768442 9.56280718162839172 162.461787432150402 0.0000000000E+00
 356.500000000000000 301.985199208768449 9.60166718162839317 163.505987432150391 0.0000000000E+00
 356.750000000000000 301.968966208768450 9.63430718162839206 164.492187432150388 0.0000000000E+00
 357.000000000000000 301.953160208768452 9.66065718162839104 165.418087432150401 0.0000000000E+00
 357.250000000000000 301.937801208768462 9.68065718162839239 166.281387432150382 0.0000000000E+00
 357.500000000000000 301.922908208768433 9.69426718162839229 167.079987432150403 0.0000000000E+00
 357.750000000000000 301.908499208768433 9.70145718162839188 167.811787432150396 0.0000000000E+00
 358.000000000000000 301.894591208768418 9.70220718162839191 168.474887432150410 0.0000000000E+00
 358.250000000000000 301.881200208768462 9.69651718162839238 169.067487432150386 0.0000000000E+00
 358.500000000000000 301.868342208768468 9.68439718162839114 169.587987432150385 0.0000000000E+00
 358.750000000000000 301.856031208768457 9.66584718162839174 170.034787432150381 0.0000000000E+00
 359.000000000000000 301.844280208768453 9.64091718162839229 170.406587432150388 0.0000000000E+00
 359.250000000000000 301.833101208768426 9.60963718162839164 170.701987432150389 0.0000000000E+00
 359.500000000000000 301.822506208768459 9.57207718162839072 170.920087432150410 0.0000000000E+00
 359.750000000000000 301.812505208768471 9.52829718162839256 171.059787432150387 0.0000000000E+00
 360.000000000000000 301.803108208768435 9.47837718162839238 171.120287432150405 0.0000000000E+00
 360.250000000000000 301.794322208768449 9.42241718162839170 171.101087432150393 0.0000000000E+00
 360.500000000000000 301.786155208768434 9.36050718162839246 171.001487432150384 0.0000000000E+00
 360.750000000000000 301.778614208768431 9.29277718162839150 170.821187432150396 0.0000000000E+00
 361.000000000000000 301.771702208768431 9.21934718162839140 170.560187432150400 0.0000000000E+00
 361.250000000000000 301.765425208768420 9.14034718162839255 170.218287432150390 0.0000000000E+00
 361.500000000000000 301.759785208768449 9.05593718162839245 169.795687432150402 0.0000000000E+00
 361.750000000000000 301.754784208768456 8.96627718162839216 169.292587432150384 0.0000000000E+00
 362.000000000000000 301.750424208768436 8.87151718162839131 168.709687432150389 0.0000000000E+00
 362.250000000000000 301.746704208768449 8.77185718162839123 168.047387432150401 0.0000000000E+00
 362.500000000000000 301.743623208768440 8.66746718162839258 167.306687432150397 0.0000000000E+00
 362.750000000000000 301.741180208768469 8.55855718162839096 166.488287432150400 0.0000000000E+00
 363.000000000000000 301.739371208768432 8.44532718162839302 165.593487432150397 0.0000000000E+00
 363.250000000000000 301.738192208768453 8.32797718162839118 164.623487432150398 0.0000000000E+00
 363.500000000000000 301.737638208768431 8.20673718162839094 163.579687432150394 0.0000000000E+00
 363.750000000000000 301.737704208768434 8.08183718162839249 162.463687432150380 0.0000000000E+00
 364.000000000000000 301.738382208768428 7.95350718162839243 161.277187432150384 0.0000000000E+00
 364.250000000000000 301.739666208768426 7.82197718162839184 160.021987432150411 0.0000000000E+00
 364.500000000000000 301.741546208768455 7.68750718162839242 158.700187432150386 0.0000000000E+00
 364.750000000000000 301.744013208768422 7.55032718162839167 157.313987432150384 0.0000000000E+00
 365.000000000000000 301.747058208768465 7.41070718162839182 155.865487432150388 0.0000000000E+00
 365.250000000000000 301.750668208768445 7.26889718162839227 154.357187432150397 0.0000000000E+00
 365.500000000000000 301.754834208768443 7.12515718162839207 152.791587432150379 0.0000000000E+00
 365.750000000000000 301.759541208768439 6.97974718162839203 151.171387432150397 0.0000000000E+00
 366.000000000000000 301.764778208768462 6.83293718162839170 149.499387432150399 0.0000000000E+00
 366.250000000000000 301.770530208768434 6.68498718162839189 147.778287432150393 0.0000000000E+00
 366.500000000000000 301.776784208768447 6.53616718162839216 146.011187432150393 0.0000000000E+00
 366.750000000000000 301.783524208768426 6.38674718162839206 144.201187432150391 0.0000000000E+00
 367.000000000000000 301.790735208768467 6.23699818162839215 142.351387432150403 0.0000000000E+00
 367.250000000000000 301.798401208768439 6.08717518162839166 140.464987432150394 0.0000000000E+00
 367.500000000000000 301.806506208768440 5.93754818162839193 138.545287432150388 0.0000000000E+00
 367.750000000000000 301.815033208768455 5.78837918162839227 136.595887432150391 0.0000000000E+00
 368.000000000000000 301.823965208768470 5.63992718162839157 134.619987432150396 0.0000000000E+00
 368.250000000000000 301.833283208768421 5.49245018162839216 132.621187432150407 0.0000000000E+00
 368.500000000000000 301.842972208768458 5.34620138162839176 130.603087432150403 0.0000000000E+00
 368.750000000000000 301.853012208768462 5.20142818162839227 128.569187432150386 0.0000000000E+00
 369.000000000000000 301.863384208768423 5.05837518162839217 126.523147432150395 0.0000000000E+00
 369.250000000000000 301.874071208768441 4.91728118162839234 124.468597432150389 0.0000000000E+00
 369.500000000000000 301.885054208768452 4.77837918162839159 122.409197432150393 0.0000000000E+00
 369.750000000000000 301.896314208768445 4.64189518162839221 120.348615432150396 0.0000000000E+00
 370.000000000000000 301.907832208768468 4.50804818162839194 118.290527432150398 0.0000000000E+00
 370.250000000000000 301.919589208768457 4.37705318162839241 116.238577432150393 0.0000000000E+00
 370.500000000000000 301.931566208768459 4.24911718162839236 114.196407432150394 0.0000000000E+00
 370.750000000000000 301.943744208768464 4.12442718162839217 112.167657432150392 0.0000000000E+00
 371.000000000000000 301.956104208768465 4.00317718162839142 110.155897432150397 0.0000000000E+00
 371.250000000000000 301.968628208768450 3.88555718162839181 108.164687432150401 0.0000000000E+00
 371.500000000000000 301.981297208768467 3.77172718162839171 106.197487432150396 0.0000000000E+00
 371.750000000000000 301.994092208768450 3.66184718162839218 104.257887432150397 0.0000000000E+00
 372.000000000000000 302.006995208768444 3.55606718162839197 102.349087432150398 0.0000000000E+00
 372.250000000000000 302.019988208768439 3.45453718162839207 100.474487432150397 0.0000000000E+00
 372.500000000000000 302.033054208768419 3.35738718162839200 98.6372874321504014 0.0000000000E+00
 372.750000000000000 302.046174208768434 3.26473718162839210 96.8407874321503925 0.0000000000E+00
 373.000000000000000 302.059331208768469 3.17668718162839214 95.0878874321503957 0.0000000000E+00
 373.250000000000000 302.072510208768449 3.09335718162839202 93.3816874321503860 0.0000000000E+00
 373.500000000000000 302.085692208768421 3.01480718162839212 91.7249874321503853 0.0000000000E+00
 373.750000000000000 302.098862208768423 2.94113718162839177 90.1205874321503870 0.0000000000E+00
 374.000000000000000 302.112005208768437 2.87240718162839181 88.5711874321503956 0.0000000000E+00
 374.250000000000000 302.125104208768448 2.80866718162839213 87.0791874321503911 0.0000000000E+00
 374.500000000000000 302.138146208768433 2.74996718162839215 85.6470874321503857 0.0000000000E+00
 374.750000000000000 302.151115208768431 2.69633718162839209 84.2770874321503953 0.0000000000E+00
 375.000000000000000 302.163999208768473 2.64778718162839199 82.9714874321503970 0.0000000000E+00
 375.250000000000000 302.176782708768428 2.60434718162839207 81.7320874321503936 0.0000000000E+00
 375.500000000000000 302.189454108768473 2.56599718162839219 80.5609874321503980 0.0000000000E+00
 375.750000000000000 302.202000608768458 2.53273718162839190 79.4596874321503890 0.0000000000E+00
 376.000000000000000 302.214410608768446 2.50452718162839183 78.4298874321503945 0.0000000000E+00
 376.250000000000000 302.226672608768467 2.48135718162839192 77.4729874321504042 0.0000000000E+00
 376.500000000000000 302.238776008768468 2.46315718162839215 76.5901874321504010 0.0000000000E+00
 376.750000000000000 302.250710608768429 2.44989718162839187 75.7826874321503965 0.0000000000E+00
 377.000000000000000 302.262466808768465 2.44148718162839184 75.0513874321503920 0.0000000000E+00
 377.250000000000000 302.274035467768442 2.43786718162839211 74.3970874321503857 0.0000000000E+00
 377.500000000000000 302.285408108768422 2.43894718162839208 73.8203874321503974 0.0000000000E+00
 377.750000000000000 302.296576908768429 2.44463718162839205 73.3217874321503871 0.0000000000E+00
 378.000000000000000 302.307534308768425 2.45482718162839175 72.9015874321503929 0.0000000000E+00
 378.250000000000000 302.318273608768436 2.46940718162839179 72.5599874321503933 0.0000000000E+00
 378.500000000000000 302.328788608768434 2.48826718162839189 72.2968874321503847 0.0000000000E+00
 378.750000000000000 302.339073508768422 2.51125718162839195 72.1120874321503891 0.0000000000E+00
 379.000000000000000 302.349123208768447 2.53826718162839216 72.0052874321503964 0.0000000000E+00
 379.250000000000000 302.358933108768440 2.56913718162839189 71.9760874321503934 0.0000000000E+00
 379.500000000000000 302.368499008768424 2.60371718162839194 72.0236874321503961 0.0000000000E+00
 379.750000000000000 302.377817208768420 2.64186718162839185 72.1473874321503956 0.0000000000E+00
 380.000000000000000 302.386885208768433 2.68340718162839176 72.3461874321504013 0.0000000000E+00
 380.250000000000000 302.395700208768460 2.72817718162839196 72.6189874321503908 0.0000000000E+00
 380.500000000000000 302.404259208768451 2.77600718162839177 72.9645874321503953 0.0000000000E+00
 380.750000000000000 302.412561208768466 2.82672718162839187 73.3815874321503969 0.0000000000E+00
 381.000000000000000 302.420606208768447 2.88013718162839183 73.8683874321503993 0.0000000000E+00
 381.250000000000000 302.428391208768460 2.93607718162839193 74.4233874321503919 0.0000000000E+00
 381.500000000000000 302.435918208768442 2.99433718162839213 75.0447874321504003 0.0000000000E+00
 381.750000000000000 302.443185208768455 3.05474718162839176 75.7306874321504040 0.0000000000E+00
 382.000000000000000 302.450194208768437 3.11710718162839218 76.4789874321503902 0.0000000000E+00
 382.250000000000000 302.456944208768448 3.18122718162839213 77.2876874321503919 0.0000000000E+00
 382.500000000000000 302.463439208768420 3.24691718162839216 78.1544874321504039 0.0000000000E+00
 382.750000000000000 302.469678208768471 3.31397718162839183 79.0770874321503925 0.0000000000E+00
 383.000000000000000 302.475664208768421 3.38220718162839207 80.0528874321503849 0.0000000000E+00
 383.250000000000000 302.481398208768439 3.45143718162839175 81.0794874321503869 0.0000000000E+00
 383.500000000000000 302.486884208768458 3.52145718162839216 82.1541874321503940 0.0000000000E+00
 383.750000000000000 302.492124208768473 3.59207718162839207 83.2743874321503910 0.0000000000E+00
 384.000000000000000 302.497120208768422 3.66310718162839200 84.4371874321503952 0.0000000000E+00
 384.250000000000000 302.501876208768465 3.73437718162839172 85.6398874321504024 0.0000000000E+00
 384.500000000000000 302.506395208768424 3.80568718162839215 86.8795874321504016 0.0000000000E+00
 384.750000000000000 302.510680208768463 3.87685718162839166 88.1533874321503959 0.0000000000E+00
 385.000000000000000 302.514736208768454 3.94772718162839187 89.4581874321503960 0.0000000000E+00
 385.250000000000000 302.518565208768450 4.01811718162839249 90.7911874321503944 0.0000000000E+00
 385.500000000000000 302.522171208768441 4.08785718162839196 92.1490874321503952 0.0000000000E+00
 385.750000000000000 302.525559208768470 4.15678718162839189 93.5290874321503907 0.0000000000E+00
 386.000000000000000 302.528733208768472 4.22474718162839213 94.9278874321503849 0.0000000000E+00
 386.250000000000000 302.531696208768437 4.29159718162839177 96.3425874321503954 0.0000000000E+00
 386.500000000000000 302.534452208768471 4.35718418162839161 97.7700874321503903 0.0000000000E+00
 386.750000000000000 302.537006208768446 4.42137118162839204 99.2073874321503979 0.0000000000E+00
 387.000000000000000 302.539362208768466 4.48402718162839165 100.651287432150397 0.0000000000E+00
 387.250000000000000 302.541524208768465 4.54502818162839173 102.098787432150402 0.0000000000E+00
 387.500000000000000 302.543496208768431 4.60425618162839179 103.546987432150388 0.0000000000E+00
 387.750000000000000 302.545282208768469 4.66160218162839168 104.992887432150397 0.0000000000E+00
 388.000000000000000 302.546887208768453 4.71696418162839226 106.433587432150389 0.0000000000E+00
 388.250000000000000 302.548313208768434 4.77024618162839165 107.866187432150397 0.0000000000E+00
 388.500000000000000 302.549565208768456 4.82136418162839231 109.287987432150388 0.0000000000E+00
 388.750000000000000 302.550647208768453 4.87023918162839209 110.696047432150394 0.0000000000E+00
 389.000000000000000 302.551562208768473 4.91680018162839172 112.087847432150397 0.0000000000E+00
 389.250000000000000 302.552314208768450 4.96098818162839184 113.460727432150392 0.0000000000E+00
 389.500000000000000 302.552907208768431 5.00274818162839185 114.812167432150389 0.0000000000E+00
 389.750000000000000 302.553344208768465 5.04203718162839198 116.139727432150394 0.0000000000E+00
 390.000000000000000 302.553628208768430 5.07881818162839238 117.441047432150398 0.0000000000E+00
 390.250000000000000 302.553762208768433 5.11306418162839194 118.713883432150396 0.0000000000E+00
 390.500000000000000 302.553750208768463 5.14475518162839229 119.956067432150391 0.0000000000E+00
 390.750000000000000 302.553593208768461 5.17388318162839234 121.165547432150390 0.0000000000E+00
 391.000000000000000 302.553295208768418 5.20044318162839225 122.340357432150398 0.0000000000E+00
 391.250000000000000 302.552859208768439 5.22444318162839227 123.478687432150394 0.0000000000E+00
 391.500000000000000 302.552286208768464 5.24589678162839235 124.578777432150389 0.0000000000E+00
 391.750000000000000 302.551580208768428 5.26482638162839223 125.639047432150392 0.0000000000E+00
 392.000000000000000 302.550742208768440 5.28126218162839223 126.657987432150392 0.0000000000E+00
 392.250000000000000 302.549774208768440 5.29524198162839177 127.634237432150400 0.0000000000E+00
 392.500000000000000 302.548678208768422 5.30681111162839159 128.566557432150404 0.0000000000E+00
 392.750000000000000 302.547456208768438 5.31602220162839156 129.453787432150392 0.0000000000E+00
 393.000000000000000 302.546109208768428 5.32293488162839168 130.294987432150407 0.0000000000E+00
 393.250000000000000 302.544639208768444 5.32761538162839177 131.089287432150400 0.0000000000E+00
 393.500000000000000 302.543048208768425 5.33013668162839238 131.835987432150404 0.0000000000E+00
 393.750000000000000 302.541336208768428 5.33057768162839185 132.534387432150396 0.0000000000E+00
 394.000000000000000 302.539505208768446 5.32902348162839168 133.183987432150388 0.0000000000E+00
 394.250000000000000 302.537556208768422 5.32556448162839224 133.784587432150403 0.0000000000E+00
 394.500000000000000 302.535489208768468 5.32029654162839183 134.335787432150397 0.0000000000E+00
 394.750000000000000 302.533306208768465 5.31332017162839154 134.837587432150400 0.0000000000E+00
 395.000000000000000 302.531008208768469 5.30474059162839229 135.290087432150386 0.0000000000E+00
 395.250000000000000 302.528595208768422 5.29466708162839161 135.693287432150385 0.0000000000E+00
 395.500000000000000 302.526067208768438 5.28321288162839231 136.047587432150408 0.0000000000E+00
 395.750000000000000 302.523427208768453 5.27049438162839223 136.353387432150384 0.0000000000E+00
 396.000000000000000 302.520673208768471 5.25663128162839222 136.611087432150384 0.0000000000E+00
 396.250000000000000 302.517808208768429 5.24174548162839216 136.821287432150399 0.0000000000E+00
 396.500000000000000 302.514831208768442 5.22596158162839153 136.984987432150405 0.0000000000E+00
 396.750000000000000 302.511743208768451 5.20940518162839172 137.102687432150390 0.0000000000E+00
 397.000000000000000 302.508544208768456 5.19220518162839184 137.175687432150397 0.0000000000E+00
 397.250000000000000 302.505237208768449 5.17448918162839178 137.204787432150397 0.0000000000E+00
 397.500000000000000 302.501820208768436 5.15638518162839166 137.191187432150400 0.0000000000E+00
 397.750000000000000 302.498295208768468 5.13802518162839217 137.136187432150393 0.0000000000E+00
 398.000000000000000 302.494663208768429 5.11953618162839241 137.041187432150394 0.0000000000E+00
 398.250000000000000 302.490924208768433 5.10104718162839177 136.907387432150387 0.0000000000E+00
 398.500000000000000 302.487080208768418 5.08268518162839200 136.736487432150398 0.0000000000E+00
 398.750000000000000 302.483132208768438 5.06457618162839207 136.529887432150389 0.0000000000E+00
 399.000000000000000 302.479080208768437 5.04684518162839169 136.289387432150392 0.0000000000E+00
 399.250000000000000 302.474926208768466 5.02961318162839177 136.016587432150402 0.0000000000E+00
 399.500000000000000 302.470671208768465 5.01300118162839237 135.713287432150395 0.0000000000E+00
 399.750000000000000 302.466318208768428 4.99712318162839164 135.381287432150401 0.0000000000E+00
 400.000000000000000 302.461866208768470 4.98209418162839235 135.022387432150396 0.0000000000E+00
 400.250000000000000 302.457319208768467 4.96802318162839196 134.638487432150384 0.0000000000E+00
 400.500000000000000 302.452678208768418 4.95501618162839197 134.231687432150409 0.0000000000E+00
 400.750000000000000 302.447946208768428 4.94317418162839228 133.803687432150383 0.0000000000E+00
 401.000000000000000 302.443123208768441 4.93259418162839225 133.356687432150409 0.0000000000E+00
 401.250000000000000 302.438214208768443 4.92336918162839154 132.892587432150407 0.0000000000E+00
 401.500000000000000 302.433221208768430 4.91558518162839242 132.413487432150390 0.0000000000E+00
 401.750000000000000 302.428145208768456 4.90932418162839213 131.921287432150393 0.0000000000E+00
 402.000000000000000 302.422991208768451 4.90466318162839165 131.418087432150401 0.0000000000E+00
 402.250000000000000 302.417761208768468 4.90167218162839191 130.905887432150394 0.0000000000E+00
 402.500000000000000 302.412459208768439 4.90041518162839207 130.386687432150381 0.0000000000E+00
 402.750000000000000 302.407088208768471 4.90095118162839150 129.862487432150402 0.0000000000E+00
 403.000000000000000 302.401652208768439 4.90333218162839213 129.335257432150399 0.0000000000E+00
 403.250000000000000 302.396155208768448 4.90760318162839226 128.806947432150395 0.0000000000E+00
 403.500000000000000 302.390600208768433 4.91380418162839216 128.279447432150391 0.0000000000E+00
 403.750000000000000 302.384992208768438 4.92196818162839200 127.754647432150392 0.0000000000E+00
 404.000000000000000 302.379336208768450 4.93212018162839172 127.234367432150393 0.0000000000E+00
 404.250000000000000 302.373635208768462 4.94427918162839219 126.720387432150389 0.0000000000E+00
 404.500000000000000 302.367895108768437 4.95845818162839169 126.214437432150390 0.0000000000E+00
 404.750000000000000 302.362120508768442 4.97466318162839194 125.718207432150393 0.0000000000E+00
 405.000000000000000 302.356316308768442 4.99289118162839163 125.233297432150394 0.0000000000E+00
 405.250000000000000 302.350487708768469 5.01313518162839156 124.761267432150390 0.0000000000E+00
 405.500000000000000 302.344640008768465 5.03538118162839154 124.303597432150397 0.0000000000E+00
 405.750000000000000 302.338778608768450 5.05960618162839193 123.861707432150396 0.0000000000E+00
 406.000000000000000 302.332909008768468 5.08578318162839160 123.436917432150395 0.0000000000E+00
 406.250000000000000 302.327036908768434 5.11387718162839189 123.030497432150398 0.0000000000E+00
 406.500000000000000 302.321168108768461 5.14384818162839164 122.643627432150396 0.0000000000E+00
 406.750000000000000 302.315308308768465 5.17564918162839227 122.277407432150397 0.0000000000E+00
 407.000000000000000 302.309463308768443 5.20922718162839171 121.932847432150396 0.0000000000E+00
 407.250000000000000 302.303639208768459 5.24452268162839186 121.610867432150400 0.0000000000E+00
 407.500000000000000 302.297842008768441 5.28147188162839232 121.312307432150391 0.0000000000E+00
 407.750000000000000 302.292077508768443 5.32000460162839239 121.037907432150391 0.0000000000E+00
 408.000000000000000 302.286351908768438 5.36004578162839174 120.788327432150396 0.0000000000E+00
 408.250000000000000 302.280671128768461 5.40151548162839212 120.564117432150397 0.0000000000E+00
 408.500000000000000 302.275041238768438 5.44432818162839194 120.365756432150391 0.0000000000E+00
 408.750000000000000 302.269468178768420 5.48839618162839216 120.193613432150400 0.0000000000E+00
 409.000000000000000 302.263957878768451 5.53362418162839198 120.047972432150388 0.0000000000E+00
 409.250000000000000 302.258516208768469 5.57991618162839220 119.929018432150400 0.0000000000E+00
 409.500000000000000 302.253148908768424 5.62717118162839203 119.836847432150392 0.0000000000E+00
 409.750000000000000 302.247861808768448 5.67528518162839202 119.771462432150400 0.0000000000E+00
 410.000000000000000 302.242660308768450 5.72415018162839218 119.732774432150393 0.0000000000E+00
 410.250000000000000 302.237549908768472 5.77365618162839223 119.720606432150390 0.0000000000E+00
 410.500000000000000 302.232536008768420 5.82369318162839189 119.734692432150396 0.0000000000E+00
 410.750000000000000 302.227623608768454 5.87414618162839197 119.774678432150395 0.0000000000E+00
 411.000000000000000 302.222817808768468 5.92489918162839224 119.840127432150396 0.0000000000E+00
 411.250000000000000 302.218123408768463 5.97583718162839173 119.930521432150400 0.0000000000E+00
 411.500000000000000 302.213544908768426 6.02684018162839230 120.045259432150388 0.0000000000E+00
 411.750000000000000 302.209086708768439 6.07779218162839197 120.183666432150389 0.0000000000E+00
 412.000000000000000 302.204753008768421 6.12857318162839171 120.344991432150394 0.0000000000E+00
 412.250000000000000 302.200547508768466 6.17906618162839205 120.528417432150391 0.0000000000E+00
 412.500000000000000 302.196474008768462 6.22915318162839160 120.733047432150400 0.0000000000E+00
 412.750000000000000 302.192535908768434 6.27871718162839176 120.957927432150399 0.0000000000E+00
 413.000000000000000 302.188736008768444 6.32764718162839213 121.202047432150394 0.0000000000E+00
 413.250000000000000 302.185077408768450 6.37581718162839195 121.464347432150390 0.0000000000E+00
 413.500000000000000 302.181562308768434 6.42312718162839147 121.743677432150392 0.0000000000E+00
 413.750000000000000 302.178192908768438 6.46945718162839167 122.038887432150389 0.0000000000E+00
 414.000000000000000 302.174971208768454 6.51470718162839191 122.348747432150390 0.0000000000E+00
 414.250000000000000 302.171898208768425 6.55877718162839152 122.672007432150394 0.0000000000E+00
 414.500000000000000 302.168976208768470 6.60154718162839238 123.007367432150389 0.0000000000E+00
 414.750000000000000 302.166204208768420 6.64293718162839220 123.353497432150391 0.0000000000E+00
 415.000000000000000 302.163584208768441 6.68284718162839209 123.709057432150388 0.0000000000E+00
 415.250000000000000 302.161116208768419 6.72118718162839190 124.072647432150390 0.0000000000E+00
 415.500000000000000 302.158799208768471 6.75786718162839151 124.442897432150389 0.0000000000E+00
 415.750000000000000 302.156632208768428 6.79280718162839214 124.818387432150388 0.0000000000E+00
 416.000000000000000 302.154615208768462 6.82593718162839203 125.197697432150392 0.0000000000E+00
 416.250000000000000 302.152746208768463 6.85716718162839189 125.579407432150390 0.0000000000E+00
 416.500000000000000 302.151024208768433 6.88644718162839187 125.962107432150390 0.0000000000E+00
 416.750000000000000 302.149446208768438 6.91370718162839193 126.344357432150389 0.0000000000E+00
 417.000000000000000 302.148011208768423 6.93889718162839220 126.724777432150390 0.0000000000E+00
 417.250000000000000 302.146714208768458 6.96195718162839228 127.101947432150396 0.0000000000E+00
 417.500000000000000 302.145553208768433 6.98284718162839191 127.474517432150392 0.0000000000E+00
 417.750000000000000 302.144525208768471 7.00151718162839209 127.841107432150395 0.0000000000E+00
 418.000000000000000 302.143626208768467 7.01795718162839144 128.200407432150399 0.0000000000E+00
 418.250000000000000 302.142851208768434 7.03211718162839183 128.551117432150392 0.0000000000E+00
 418.500000000000000 302.142196208768439 7.04397718162839226 128.891967432150381 0.0000000000E+00
 418.750000000000000 302.141656208768438 7.05353718162839183 129.221737432150405 0.0000000000E+00
 419.000000000000000 302.141226208768444 7.06077718162839219 129.539287432150388 0.0000000000E+00
 419.250000000000000 302.140901208768469 7.06568718162839193 129.843387432150394 0.0000000000E+00
 419.500000000000000 302.140675208768471 7.06827718162839247 130.132987432150401 0.0000000000E+00
 419.750000000000000 302.140542208768466 7.06855718162839164 130.407087432150405 0.0000000000E+00
 420.000000000000000 302.140496208768468 7.06653718162839173 130.664587432150398 0.0000000000E+00
 420.250000000000000 302.140531208768436 7.06223718162839198 130.904687432150382 0.0000000000E+00
 420.500000000000000 302.140640208768446 7.05567718162839164 131.126587432150387 0.0000000000E+00
 420.750000000000000 302.140816208768456 7.04690718162839147 131.329287432150409 0.0000000000E+00
 421.000000000000000 302.141052208768428 7.03594718162839250 131.512087432150395 0.0000000000E+00
 421.250000000000000 302.141342208768435 7.02284718162839194 131.674487432150386 0.0000000000E+00
 421.500000000000000 302.141678208768440 7.00764718162839184 131.815687432150384 0.0000000000E+00
 421.750000000000000 302.142053208768459 6.99040718162839170 131.935287432150403 0.0000000000E+00
 422.000000000000000 302.142459208768457 6.97118718162839190 132.032687432150396 0.0000000000E+00
 422.250000000000000 302.142889208768452 6.95004718162839197 132.107587432150382 0.0000000000E+00
 422.500000000000000 302.143335208768463 6.92703718162839177 132.159687432150406 0.0000000000E+00
 422.750000000000000 302.143790208768451 6.90224718162839146 132.188587432150399 0.0000000000E+00
 423.000000000000000 302.144247208768434 6.87574718162839194 132.194387432150393 0.0000000000E+00
 423.250000000000000 302.144698208768432 6.84761718162839195 132.176687432150402 0.0000000000E+00
 423.500000000000000 302.145135208768465 6.81793718162839202 132.135687432150405 0.0000000000E+00
 423.750000000000000 302.145551208768438 6.78678718162839179 132.071287432150399 0.0000000000E+00
 424.000000000000000 302.145940208768423 6.75425718162839228 131.983687432150390 0.0000000000E+00
 424.250000000000000 302.146293208768441 6.72043718162839188 131.873087432150385 0.0000000000E+00
 424.500000000000000 302.146604208768451 6.68541718162839160 131.739587432150387 0.0000000000E+00
 424.750000000000000 302.146867208768469 6.64929718162839212 131.583787432150388 0.0000000000E+00
 425.000000000000000 302.147074208768458 6.61217718162839230 131.405787432150390 0.0000000000E+00
 425.250000000000000 302.147219208768433 6.57414718162839229 131.206287432150390 0.0000000000E+00
 425.500000000000000 302.147296208768466 6.53530718162839186 130.985787432150403 0.0000000000E+00
 426.250000000000000 302.147296208768466 6.53530718162839186 130.985787432150403 0.0000000000E+00
