  day sst(K) H(W/m2) LE(W/m2) TAU(m2/s2)
 306.250000000000000 302.329462008768473 5.03947218162839228 123.779507432150396 0.0000000000E+00
 306.500000000000000 302.342161308768425 4.87674818162839152 122.759857432150397 0.0000000000E+00
 306.750000000000000 302.353840208768418 4.72258918162839159 121.678737432150399 0.0000000000E+00
 307.000000000000000 302.364330008768434 4.57904918162839181 120.551997432150387 0.0000000000E+00
 307.250000000000000 302.373479608768434 4.44799118162839235 119.396390532150392 0.0000000000E+00
 307.500000000000000 302.381158208768454 4.33106618162839219 118.229297432150389 0.0000000000E+00
 307.750000000000000 302.387256208768463 4.22968718162839163 117.068467432150399 0.0000000000E+00
 308.000000000000000 302.391688208768471 4.14503718162839174 115.931747432150388 0.0000000000E+00
 308.250000000000000 302.394393208768463 4.07799718162839220 114.836787432150388 0.0000000000E+00
 308.500000000000000 302.395335208768472 4.02923718162839251 113.800787432150400 0.0000000000E+00
 308.750000000000000 302.394504208768467 3.99908718162839172 112.840227432150400 0.0000000000E+00
 309.000000000000000 302.391917208768461 3.98766718162839195 111.970557432150400 0.0000000000E+00
 309.250000000000000 302.387615208768466 3.99478718162839197 111.206017432150389 0.0000000000E+00
 309.500000000000000 302.381664208768427 4.02002718162839212 110.559337432150386 0.0000000000E+00
 309.750000000000000 302.374157208768452 4.06267718162839220 110.041547432150395 0.0000000000E+00
 310.000000000000000 302.365206408768472 4.12184718162839214 109.661827432150389 0.0000000000E+00
 310.250000000000000 302.354945808768434 4.19638718162839197 109.427287432150393 0.0000000000E+00
 310.500000000000000 302.343528608768452 4.28497718162839192 109.342787432150388 0.0000000000E+00
 310.750000000000000 302.331124208768472 4.38613618162839192 109.411087432150396 0.0000000000E+00
 311.000000000000000 302.317916108768429 4.49821318162839212 109.632427432150394 0.0000000000E+00
 311.250000000000000 302.304098708768436 4.61945418162839161 110.004807432150386 0.0000000000E+00
 311.500000000000000 302.289875108768456 4.74801318162839170 110.523817432150395 0.0000000000E+00
 311.750000000000000 302.275453498768456 4.88198118162839201 111.182757432150396 0.0000000000E+00
 312.000000000000000 302.261044308768419 5.01941718162839212 111.972707432150401 0.0000000000E+00
 312.250000000000000 302.246857208768461 5.15837618162839195 112.882627432150400 0.0000000000E+00
 312.500000000000000 302.233097908768457 5.29693318162839155 113.899557432150388 0.0000000000E+00
 312.750000000000000 302.219965108768463 5.43321618162839215 115.008757432150389 0.0000000000E+00
 313.000000000000000 302.207647808768456 5.56542518162839173 116.193947432150395 0.0000000000E+00
 313.250000000000000 302.196322408768424 5.69185918162839233 117.437527432150389 0.0000000000E+00
 313.500000000000000 302.186150108768459 5.81093618162839221 118.720875432150393 0.0000000000E+00
 313.750000000000000 302.177274908768425 5.92121218162839202 120.024598432150398 0.0000000000E+00
 314.000000000000000 302.169821208768440 6.02139818162839191 121.328837432150394 0.0000000000E+00
 314.250000000000000 302.163892208768459 6.11037218162839224 122.613577432150393 0.0000000000E+00
 314.500000000000000 302.159569208768460 6.18719218162839191 123.858957432150390 0.0000000000E+00
 314.750000000000000 302.156908208768471 6.25110118162839168 125.045577432150395 0.0000000000E+00
 315.000000000000000 302.155942208768465 6.30153718162839205 126.154797432150389 0.0000000000E+00
 315.250000000000000 302.156679208768423 6.33812718162839239 127.169057432150396 0.0000000000E+00
 315.500000000000000 302.159101208768448 6.36070718162839199 128.072117432150407 0.0000000000E+00
 315.750000000000000 302.163168208768468 6.36927718162839174 128.849377432150391 0.0000000000E+00
 316.000000000000000 302.168813208768427 6.36404718162839167 129.488087432150394 0.0000000000E+00
 316.250000000000000 302.175948608768465 6.34537718162839148 129.977387432150408 0.0000000000E+00
 316.500000000000000 302.184465708768471 6.31382718162839218 130.308987432150388 0.0000000000E+00
 316.750000000000000 302.194235208768418 6.27007518162839173 130.476787432150388 0.0000000000E+00
 317.000000000000000 302.205110608768450 6.21496218162839220 130.477087432150398 0.0000000000E+00
 317.250000000000000 302.216929908768464 6.14944218162839196 130.308787432150382 0.0000000000E+00
 317.500000000000000 302.229518108768445 6.07458018162839153 129.973687432150399 0.0000000000E+00
 317.750000000000000 302.242689908768455 5.99152918162839221 129.475787432150383 0.0000000000E+00
 318.000000000000000 302.256252308768467 5.90151318162839189 128.821777432150384 0.0000000000E+00
 318.250000000000000 302.270007678768422 5.80581318162839199 128.020877432150399 0.0000000000E+00
 318.500000000000000 302.283756408768454 5.70574118162839206 127.084537432150398 0.0000000000E+00
 318.750000000000000 302.297300008768445 5.60262918162839174 126.026397432150389 0.0000000000E+00
 319.000000000000000 302.310443908768434 5.49780818162839235 124.862037432150387 0.0000000000E+00
 319.250000000000000 302.323000208768462 5.39259328162839235 123.608797432150396 0.0000000000E+00
 319.500000000000000 302.334790708768423 5.28826538162839199 122.285457432150395 0.0000000000E+00
 319.750000000000000 302.345648808768431 5.18605918162839163 120.911977432150394 0.0000000000E+00
 320.000000000000000 302.355422508768470 5.08714818162839233 119.509224932150389 0.0000000000E+00
 320.250000000000000 302.363976208768463 4.99263418162839212 118.098597432150399 0.0000000000E+00
 320.500000000000000 302.371192808768456 4.90353518162839208 116.701717432150389 0.0000000000E+00
 320.750000000000000 302.376975208768442 4.82077718162839197 115.340127432150396 0.0000000000E+00
 321.000000000000000 302.381246208768459 4.74518418162839239 114.034897432150387 0.0000000000E+00
 321.250000000000000 302.383953208768446 4.67748018162839152 112.806347432150389 0.0000000000E+00
 321.500000000000000 302.385065208768424 4.61827318162839173 111.673697432150391 0.0000000000E+00
 321.750000000000000 302.384574208768470 4.56806418162839201 110.654757432150390 0.0000000000E+00
 322.000000000000000 302.382496208768430 4.52723618162839170 109.765667432150394 0.0000000000E+00
 322.250000000000000 302.378868208768438 4.49606018162839227 109.020587432150393 0.0000000000E+00
 322.500000000000000 302.373750208768456 4.47469518162839197 108.431687432150397 0.0000000000E+00
 322.750000000000000 302.367225808768467 4.46319118162839246 108.008487432150389 0.0000000000E+00
 323.000000000000000 302.359394508768446 4.46149018162839184 107.758187432150393 0.0000000000E+00
 323.250000000000000 302.350376108768444 4.46943218162839173 107.685387432150392 0.0000000000E+00
 323.500000000000000 302.340306508768435 4.48676518162839244 107.791687432150397 0.0000000000E+00
 323.750000000000000 302.329335808768462 4.51314118162839151 108.076187432150391 0.0000000000E+00
 324.000000000000000 302.317625908768434 4.54813318162839231 108.535187432150394 0.0000000000E+00
 324.250000000000000 302.305348708768463 4.59123618162839175 109.162187432150390 0.0000000000E+00
 324.500000000000000 302.292683008768449 4.64187518162839208 109.948057432150392 0.0000000000E+00
 324.750000000000000 302.279811988768472 4.69941518162839245 110.881337432150389 0.0000000000E+00
 325.000000000000000 302.266920798768467 4.76316518162839220 111.948127432150400 0.0000000000E+00
 325.250000000000000 302.254193608768446 4.83238918162839237 113.132427432150394 0.0000000000E+00
 325.500000000000000 302.241811008768423 4.90631218162839211 114.416407432150393 0.0000000000E+00
 325.750000000000000 302.229947608768441 4.98412818162839155 115.780617432150393 0.0000000000E+00
 326.000000000000000 302.218769308768458 5.06500818162839206 117.204317432150390 0.0000000000E+00
 326.250000000000000 302.208431208768445 5.14810318162839220 118.665817432150391 0.0000000000E+00
 326.500000000000000 302.199075408768465 5.23255908162839223 120.142746432150389 0.0000000000E+00
 326.750000000000000 302.190829008768446 5.31751487162839176 121.612457432150393 0.0000000000E+00
 327.000000000000000 302.183802308768463 5.40211498162839199 123.052347432150398 0.0000000000E+00
 327.250000000000000 302.178087508768442 5.48551318162839152 124.440237432150397 0.0000000000E+00
 327.500000000000000 302.173757608768426 5.56687818162839232 125.754667432150399 0.0000000000E+00
 327.750000000000000 302.170865208768419 5.64540118162839200 126.975307432150387 0.0000000000E+00
 328.000000000000000 302.169442208768430 5.72030018162839227 128.083187432150396 0.0000000000E+00
 328.250000000000000 302.169499208768457 5.79082518162839222 129.061067432150395 0.0000000000E+00
 328.500000000000000 302.171025208768469 5.85626618162839208 129.893687432150386 0.0000000000E+00
 328.750000000000000 302.173990108768464 5.91595418162839159 130.567987432150403 0.0000000000E+00
 329.000000000000000 302.178341708768471 5.96927018162839218 131.073287432150380 0.0000000000E+00
 329.250000000000000 302.184009508768440 6.01564618162839171 131.401587432150393 0.0000000000E+00
 329.500000000000000 302.190904408768461 6.05457518162839214 131.547587432150408 0.0000000000E+00
 329.750000000000000 302.198921008768423 6.08561118162839243 131.508787432150399 0.0000000000E+00
 330.000000000000000 302.207938308768462 6.10837518162839199 131.285387432150401 0.0000000000E+00
 330.250000000000000 302.217822508768450 6.12256118162839158 130.880687432150381 0.0000000000E+00
 330.500000000000000 302.228428208768435 6.12793718162839163 130.300687432150397 0.0000000000E+00
 330.750000000000000 302.239601008768432 6.12435318162839160 129.554087432150396 0.0000000000E+00
 331.000000000000000 302.251179808768427 6.11174018162839161 128.652087432150381 0.0000000000E+00
 331.250000000000000 302.262998908768452 6.09011518162839227 127.608477432150394 0.0000000000E+00
 331.500000000000000 302.274890408768442 6.05958518162839166 126.439147432150392 0.0000000000E+00
 331.750000000000000 302.286686808768422 6.02034518162839216 125.161927432150392 0.0000000000E+00
 332.000000000000000 302.298223108768468 5.97268418162839154 123.796357432150387 0.0000000000E+00
 332.250000000000000 302.309339508768460 5.91698118162839215 122.363367432150397 0.0000000000E+00
 332.500000000000000 302.319883008768443 5.85370918162839171 120.884897432150396 0.0000000000E+00
 332.750000000000000 302.329710208768461 5.78342918162839226 119.383653032150391 0.0000000000E+00
 333.000000000000000 302.338688708768473 5.70679118162839227 117.882657432150395 0.0000000000E+00
 333.250000000000000 302.346699108768462 5.62453118162839161 116.404957432150397 0.0000000000E+00
 333.500000000000000 302.353636508768432 5.53746418162839227 114.973257432150390 0.0000000000E+00
 333.750000000000000 302.359411908768436 5.44648018162839165 113.609527432150401 0.0000000000E+00
 334.000000000000000 302.363953208768464 5.35253568162839155 112.334707432150395 0.0000000000E+00
 334.250000000000000 302.367206208768437 5.25664968162839230 111.168367432150390 0.0000000000E+00
 334.500000000000000 302.369135108768432 5.15989018162839219 110.128397432150393 0.0000000000E+00
 334.750000000000000 302.369722908768438 5.06336618162839169 109.230687432150390 0.0000000000E+00
 335.000000000000000 302.368971208768471 4.96821518162839215 108.489087432150399 0.0000000000E+00
 335.250000000000000 302.366900708768469 4.87559318162839173 107.914887432150394 0.0000000000E+00
 335.500000000000000 302.363549808768425 4.78665918162839166 107.516687432150391 0.0000000000E+00
 335.750000000000000 302.358974508768426 4.70256118162839165 107.300687432150397 0.0000000000E+00
 336.000000000000000 302.353247608768470 4.62442418162839175 107.269887432150398 0.0000000000E+00
 336.250000000000000 302.346456808768437 4.55333418162839187 107.424787432150396 0.0000000000E+00
 336.500000000000000 302.338704208768434 4.49032018162839197 107.762887432150393 0.0000000000E+00
 336.750000000000000 302.330104108768467 4.43634518162839164 108.278687432150392 0.0000000000E+00
 337.000000000000000 302.320781608768471 4.39228618162839179 108.964187432150396 0.0000000000E+00
 337.250000000000000 302.310870808768470 4.35892218162839207 109.808677432150390 0.0000000000E+00
 337.500000000000000 302.300512808768474 4.33691818162839215 110.799027432150396 0.0000000000E+00
 337.750000000000000 302.289853408768465 4.32681618162839232 111.919857432150394 0.0000000000E+00
 338.000000000000000 302.279041638768433 4.32902018162839219 113.153807432150387 0.0000000000E+00
 338.250000000000000 302.268227118768436 4.34378918162839156 114.481787432150398 0.0000000000E+00
 338.500000000000000 302.257558308768466 4.37122418162839210 115.883297432150400 0.0000000000E+00
 338.750000000000000 302.247180508768452 4.41126718162839193 117.336717432150394 0.0000000000E+00
 339.000000000000000 302.237233508768441 4.46368918162839190 118.819687432150388 0.0000000000E+00
 339.250000000000000 302.227850108768450 4.52809418162839172 120.309405432150399 0.0000000000E+00
 339.500000000000000 302.219154508768440 4.60391818162839161 121.783017432150388 0.0000000000E+00
 339.750000000000000 302.211260108768442 4.69042418162839159 123.217967432150388 0.0000000000E+00
 340.000000000000000 302.204268508768450 4.78671818162839191 124.592317432150395 0.0000000000E+00
 340.250000000000000 302.198268208768468 4.89174618162839181 125.885147432150390 0.0000000000E+00
 340.500000000000000 302.193333308768445 5.00431018162839170 127.076797432150400 0.0000000000E+00
 340.750000000000000 302.189522808768459 5.12307618162839162 128.149237432150386 0.0000000000E+00
 341.000000000000000 302.186880108768435 5.24659198162839235 129.086317432150395 0.0000000000E+00
 341.250000000000000 302.185432208768418 5.37330248162839208 129.873987432150386 0.0000000000E+00
 341.500000000000000 302.185189808768428 5.50156818162839212 130.500587432150382 0.0000000000E+00
 341.750000000000000 302.186147008768444 5.62968518162839171 130.956887432150381 0.0000000000E+00
 342.000000000000000 302.188281908768431 5.75591018162839241 131.236387432150394 0.0000000000E+00
 342.250000000000000 302.191557008768427 5.87848118162839217 131.335387432150384 0.0000000000E+00
 342.500000000000000 302.195919408768418 5.99564418162839186 131.252687432150395 0.0000000000E+00
 342.750000000000000 302.201302408768470 6.10567418162839193 130.990287432150382 0.0000000000E+00
 343.000000000000000 302.207625808768455 6.20690818162839175 130.552587432150403 0.0000000000E+00
 343.250000000000000 302.214797708768458 6.29776318162839210 129.946987432150394 0.0000000000E+00
 343.500000000000000 302.222715508768431 6.37676718162839151 129.183247432150381 0.0000000000E+00
 343.750000000000000 302.231267408768417 6.44257718162839232 128.273577432150404 0.0000000000E+00
 344.000000000000000 302.240334208768445 6.49400718162839219 127.232427432150388 0.0000000000E+00
 344.250000000000000 302.249790608768421 6.53004718162839204 126.076187432150391 0.0000000000E+00
 344.500000000000000 302.259507408768457 6.54988718162839234 124.822977432150395 0.0000000000E+00
 344.750000000000000 302.269352688768436 6.55292718162839183 123.492337432150393 0.0000000000E+00
 345.000000000000000 302.279194188768429 6.53877718162839194 122.104927432150390 0.0000000000E+00
 345.250000000000000 302.288900608768472 6.50730718162839228 120.682197432150389 0.0000000000E+00
 345.500000000000000 302.298343508768426 6.45862718162839222 119.246073432150396 0.0000000000E+00
 345.750000000000000 302.307399108768436 6.39308718162839185 117.818577432150391 0.0000000000E+00
 346.000000000000000 302.315949508768426 6.31128818162839167 116.421507432150392 0.0000000000E+00
 346.250000000000000 302.323884508768458 6.21409418162839167 115.076127432150400 0.0000000000E+00
 346.500000000000000 302.331103008768423 6.10259018162839162 113.802777432150393 0.0000000000E+00
 346.750000000000000 302.337514108768460 5.97809818162839157 112.620627432150400 0.0000000000E+00
 347.000000000000000 302.343038008768474 5.84215418162839217 111.547337432150400 0.0000000000E+00
 347.250000000000000 302.347607408768454 5.69649218162839155 110.598827432150387 0.0000000000E+00
 347.500000000000000 302.351168108768434 5.54302018162839172 109.788997432150396 0.0000000000E+00
 347.750000000000000 302.353679308768449 5.38379758162839206 109.129587432150402 0.0000000000E+00
 348.000000000000000 302.355114408768429 5.22100788162839180 108.629887432150397 0.0000000000E+00
 348.250000000000000 302.355461108768452 5.05692818162839153 108.296787432150396 0.0000000000E+00
 348.500000000000000 302.354721408768455 4.89389918162839166 108.134587432150397 0.0000000000E+00
 348.750000000000000 302.352911408768421 4.73428818162839171 108.144787432150395 0.0000000000E+00
 349.000000000000000 302.350061008768421 4.58045618162839219 108.326287432150394 0.0000000000E+00
 349.250000000000000 302.346213608768437 4.43472618162839183 108.675487432150391 0.0000000000E+00
 349.500000000000000 302.341425208768442 4.29933718162839185 109.186087432150401 0.0000000000E+00
 349.750000000000000 302.335763608768445 4.17643718162839228 109.849347432150395 0.0000000000E+00
 350.000000000000000 302.329307608768431 4.06798718162839190 110.654347432150388 0.0000000000E+00
 350.250000000000000 302.322145808768425 3.97581718162839204 111.587937432150397 0.0000000000E+00
 350.500000000000000 302.314375308768433 3.90152718162839207 112.635117432150395 0.0000000000E+00
 350.750000000000000 302.306100608768418 3.84646718162839196 113.779207432150400 0.0000000000E+00
 351.000000000000000 302.297431808768465 3.81175718162839194 115.002157432150398 0.0000000000E+00
 351.250000000000000 302.288483908768455 3.79820718162839199 116.284807432150387 0.0000000000E+00
 351.500000000000000 302.279374508768456 3.80634718162839203 117.607217432150392 0.0000000000E+00
 351.750000000000000 302.270222788768422 3.83637718162839203 118.948958432150391 0.0000000000E+00
 352.000000000000000 302.261147808768442 3.88819718162839223 120.289426432150393 0.0000000000E+00
 352.250000000000000 302.252267108768422 3.96136718162839196 121.608187432150388 0.0000000000E+00
 352.500000000000000 302.243694908768418 4.05513718162839165 122.885267432150400 0.0000000000E+00
 352.750000000000000 302.235541208768439 4.16841718162839214 124.101487432150392 0.0000000000E+00
 353.000000000000000 302.227910008768447 4.29982718162839195 125.238717432150395 0.0000000000E+00
 353.250000000000000 302.220898008768472 4.44769518162839184 126.280187432150399 0.0000000000E+00
 353.500000000000000 302.214593808768427 4.61008118162839153 127.210697432150397 0.0000000000E+00
 353.750000000000000 302.209076508768419 4.78479518162839224 128.016867432150406 0.0000000000E+00
 354.000000000000000 302.204414708768468 4.96943118162839159 128.687347432150403 0.0000000000E+00
 354.250000000000000 302.200666108768473 5.16140218162839215 129.212917432150391 0.0000000000E+00
 354.500000000000000 302.197876308768457 5.35797528162839232 129.586687432150399 0.0000000000E+00
 354.750000000000000 302.196078508768437 5.55630918162839205 129.804087432150396 0.0000000000E+00
 355.000000000000000 302.195293508768430 5.75349518162839235 129.863087432150394 0.0000000000E+00
 355.250000000000000 302.195528808768472 5.94660318162839197 129.764087432150404 0.0000000000E+00
 355.500000000000000 302.196778908768465 6.13272418162839195 129.509787432150404 0.0000000000E+00
 355.750000000000000 302.199025808768454 6.30901218162839150 129.105257432150381 0.0000000000E+00
 356.000000000000000 302.202238408768437 6.47272718162839222 128.558017432150393 0.0000000000E+00
 356.250000000000000 302.206373708768467 6.62129718162839165 127.877537432150390 0.0000000000E+00
 356.500000000000000 302.211376908768443 6.75232718162839163 127.075307432150396 0.0000000000E+00
 356.750000000000000 302.217182508768474 6.86364718162839171 126.164567432150392 0.0000000000E+00
 357.000000000000000 302.223714808768420 6.95337718162839202 125.160117432150400 0.0000000000E+00
 357.250000000000000 302.230889008768429 7.01992718162839147 124.078057432150388 0.0000000000E+00
 357.500000000000000 302.238612108768450 7.06202718162839194 122.935517432150391 0.0000000000E+00
 357.750000000000000 302.246784608768451 7.07876718162839147 121.750407432150396 0.0000000000E+00
 358.000000000000000 302.255301108768435 7.06961718162839148 120.541127432150390 0.0000000000E+00
 358.250000000000000 302.264051988768472 7.03440718162839218 119.326260432150391 0.0000000000E+00
 358.500000000000000 302.272924733768434 6.97336718162839198 118.124307432150388 0.0000000000E+00
 358.750000000000000 302.281805278768445 6.88712718162839188 116.953377432150390 0.0000000000E+00
 359.000000000000000 302.290579508768474 6.77668718162839223 115.830947432150396 0.0000000000E+00
 359.250000000000000 302.299134408768452 6.64343718162839192 114.773567432150401 0.0000000000E+00
 359.500000000000000 302.307360108768421 6.48911718162839168 113.796607432150395 0.0000000000E+00
 359.750000000000000 302.315150508768454 6.31581718162839145 112.914077432150393 0.0000000000E+00
 360.000000000000000 302.322405008768442 6.12591118162839177 112.138397432150398 0.0000000000E+00
 360.250000000000000 302.329029808768439 5.92207318162839158 111.480187432150387 0.0000000000E+00
 360.500000000000000 302.334938908768436 5.70720518162839241 110.948197432150394 0.0000000000E+00
 360.750000000000000 302.340055208768433 5.48440818162839161 110.549127432150399 0.0000000000E+00
 361.000000000000000 302.344311708768430 5.25693738162839175 110.287587432150389 0.0000000000E+00
 361.250000000000000 302.347652208768466 5.02814918162839231 110.166037432150389 0.0000000000E+00
 361.500000000000000 302.350031708768427 4.80145518162839213 110.184757432150391 0.0000000000E+00
 361.750000000000000 302.351417908768440 4.58027218162839223 110.341877432150397 0.0000000000E+00
 362.000000000000000 302.351790508768431 4.36796518162839220 110.633467432150397 0.0000000000E+00
 362.250000000000000 302.351142608768441 4.16779718162839163 111.053547432150395 0.0000000000E+00
 362.500000000000000 302.349479808768422 3.98288718162839217 111.594287432150395 0.0000000000E+00
 362.750000000000000 302.346821108768438 3.81614718162839228 112.246067432150397 0.0000000000E+00
 363.000000000000000 302.343197908768445 3.67023718162839208 112.997737432150387 0.0000000000E+00
 363.250000000000000 302.338654408768434 3.54753718162839204 113.836727432150397 0.0000000000E+00
 363.500000000000000 302.333246508768468 3.45009718162839185 114.749287432150396 0.0000000000E+00
 363.750000000000000 302.327041508768446 3.37958718162839222 115.720757432150393 0.0000000000E+00
 364.000000000000000 302.320117108768443 3.33731718162839197 116.735737432150387 0.0000000000E+00
 364.250000000000000 302.312560608768422 3.32415718162839191 117.778357432150401 0.0000000000E+00
 364.500000000000000 302.304467908768459 3.34053718162839175 118.832559432150390 0.0000000000E+00
 364.750000000000000 302.295942108768429 3.38646718162839200 119.882306432150401 0.0000000000E+00
 365.000000000000000 302.287092408768444 3.46149718162839193 120.911857432150398 0.0000000000E+00
 365.250000000000000 302.278032738768445 3.56473718162839193 121.905967432150391 0.0000000000E+00
 365.500000000000000 302.268880298768465 3.69485718162839216 122.850187432150392 0.0000000000E+00
 365.750000000000000 302.259754108768448 3.85010718162839183 123.730977432150397 0.0000000000E+00
 366.000000000000000 302.250773408768453 4.02834718162839245 124.536007432150399 0.0000000000E+00
 366.250000000000000 302.242056408768462 4.22706718162839223 125.254227432150401 0.0000000000E+00
 366.500000000000000 302.233718408768425 4.44343918162839202 125.876097432150388 0.0000000000E+00
 366.750000000000000 302.225870408768458 4.67433218162839204 126.393677432150398 0.0000000000E+00
 367.000000000000000 302.218617808768443 4.91637518162839182 126.800737432150399 0.0000000000E+00
 367.250000000000000 302.212059008768449 5.16600418162839237 127.092797432150391 0.0000000000E+00
 367.500000000000000 302.206283808768433 5.41951118162839229 127.267217432150389 0.0000000000E+00
 367.750000000000000 302.201372308768441 5.67310318162839167 127.323177432150388 0.0000000000E+00
 368.000000000000000 302.197394108768435 5.92295918162839197 127.261647432150397 0.0000000000E+00
 368.250000000000000 302.194406808768463 6.16528618162839237 127.085397432150387 0.0000000000E+00
 368.500000000000000 302.192455608768455 6.39637718162839164 126.798867432150388 0.0000000000E+00
 368.750000000000000 302.191572108768469 6.61268718162839164 126.408117432150391 0.0000000000E+00
 369.000000000000000 302.191774608768469 6.81083718162839169 125.920657432150392 0.0000000000E+00
 369.250000000000000 302.193066908768458 6.98772718162839190 125.345357432150394 0.0000000000E+00
 369.500000000000000 302.195438508768461 7.14055718162839170 124.692257432150399 0.0000000000E+00
 369.750000000000000 302.198864708768440 7.26687718162839147 123.972407432150391 0.0000000000E+00
 370.000000000000000 302.203306608768457 7.36460718162839179 123.197677432150400 0.0000000000E+00
 370.250000000000000 302.208711708768419 7.43209718162839206 122.380537432150390 0.0000000000E+00
 370.500000000000000 302.215014308768446 7.46814718162839242 121.533897432150397 0.0000000000E+00
 370.750000000000000 302.222136208768461 7.47204718162839221 120.670857432150399 0.0000000000E+00
 371.000000000000000 302.229987908768464 7.44353718162839151 119.804534432150390 0.0000000000E+00
 371.250000000000000 302.238469308768458 7.38285718162839188 118.947853432150396 0.0000000000E+00
 371.500000000000000 302.247471308768468 7.29076718162839210 118.113337432150388 0.0000000000E+00
 371.750000000000000 302.256876908768447 7.16845718162839241 117.312947432150395 0.0000000000E+00
 372.000000000000000 302.266562908768435 7.01763718162839201 116.557877432150391 0.0000000000E+00
 372.250000000000000 302.276401168768473 6.84042718162839236 115.858437432150396 0.0000000000E+00
 372.500000000000000 302.286260608768430 6.63935718162839184 115.223877432150388 0.0000000000E+00
 372.750000000000000 302.296008808768420 6.41735718162839142 114.662307432150399 0.0000000000E+00
 373.000000000000000 302.305513608768422 6.17767518162839213 114.180537432150388 0.0000000000E+00
 373.250000000000000 302.314645208768468 5.92384318162839207 113.784067432150394 0.0000000000E+00
 373.500000000000000 302.323277608768421 5.65963118162839152 113.476987432150395 0.0000000000E+00
 373.750000000000000 302.331290508768461 5.38898558162839159 113.261957432150396 0.0000000000E+00
 374.000000000000000 302.338571108768463 5.11596918162839209 113.140187432150398 0.0000000000E+00
 374.250000000000000 302.345015308768438 4.84469818162839161 113.111497432150401 0.0000000000E+00
 374.500000000000000 302.350529508768432 4.57928518162839193 113.174277432150390 0.0000000000E+00
 374.750000000000000 302.355032108768455 4.32376918162839186 113.325607432150392 0.0000000000E+00
 375.000000000000000 302.358454208768421 4.08205718162839215 113.561327432150392 0.0000000000E+00
 375.250000000000000 302.360741208768445 3.85786718162839204 113.876067432150393 0.0000000000E+00
 375.500000000000000 302.361853508768434 3.65465718162839170 114.263457432150389 0.0000000000E+00
 375.750000000000000 302.361767108768447 3.47559718162839193 114.716157432150396 0.0000000000E+00
 376.000000000000000 302.360473908768427 3.32347718162839190 115.226067432150387 0.0000000000E+00
 376.250000000000000 302.357982608768452 3.20071718162839192 115.784417432150391 0.0000000000E+00
 376.500000000000000 302.354318108768439 3.10927718162839195 116.381937432150394 0.0000000000E+00
 376.750000000000000 302.349521608768441 3.05065718162839206 117.009037432150393 0.0000000000E+00
 377.000000000000000 302.343650308768417 3.02586718162839174 117.655907432150400 0.0000000000E+00
 377.250000000000000 302.336776408768458 3.03540718162839207 118.312727432150396 0.0000000000E+00
 377.500000000000000 302.328986708768468 3.07922718162839182 118.969793432150396 0.0000000000E+00
 377.750000000000000 302.320381308768447 3.15680718162839202 119.617656432150397 0.0000000000E+00
 378.000000000000000 302.311072408768439 3.26706718162839183 120.247268432150392 0.0000000000E+00
 378.250000000000000 302.301182808768431 3.40844718162839211 120.850107432150395 0.0000000000E+00
 378.500000000000000 302.290844508768430 3.57889718162839188 121.418297432150396 0.0000000000E+00
 378.750000000000000 302.280196668768440 3.77593718162839220 121.944697432150392 0.0000000000E+00
 379.000000000000000 302.269384148768438 3.99664718162839172 122.422987432150393 0.0000000000E+00
 379.250000000000000 302.258555208768428 4.23775718162839166 122.847757432150388 0.0000000000E+00
 379.500000000000000 302.247859608768465 4.49567518162839175 123.214527432150390 0.0000000000E+00
 379.750000000000000 302.237446708768459 4.76654018162839233 123.519827432150393 0.0000000000E+00
 380.000000000000000 302.227463108768461 5.04628418162839232 123.761197432150396 0.0000000000E+00
 380.250000000000000 302.218050508768442 5.33069248162839227 123.937157432150400 0.0000000000E+00
 380.500000000000000 302.209344408768459 5.61547018162839162 124.047257432150388 0.0000000000E+00
 380.750000000000000 302.201471008768465 5.89630518162839223 124.092007432150396 0.0000000000E+00
 381.000000000000000 302.194546408768417 6.16893618162839186 124.072837432150394 0.0000000000E+00
 381.250000000000000 302.188674308768441 6.42921718162839184 123.992067432150392 0.0000000000E+00
 381.500000000000000 302.183944608768456 6.67317718162839224 123.852807432150399 0.0000000000E+00
 381.750000000000000 302.180431908768469 6.89708718162839229 123.658907432150400 0.0000000000E+00
 382.000000000000000 302.178194508768456 7.09752718162839180 123.414847432150395 0.0000000000E+00
 382.250000000000000 302.177273208768440 7.27141718162839190 123.125647432150387 0.0000000000E+00
 382.500000000000000 302.177690908768454 7.41605718162839178 122.796807432150388 0.0000000000E+00
 382.750000000000000 302.179451708768454 7.52922718162839200 122.434137432150393 0.0000000000E+00
 383.000000000000000 302.182540908768431 7.60916718162839167 122.043727432150391 0.0000000000E+00
 383.250000000000000 302.186925008768469 7.65459718162839131 121.631777432150400 0.0000000000E+00
 383.500000000000000 302.192552208768461 7.66478718162839190 121.204557432150395 0.0000000000E+00
 383.750000000000000 302.199352308768425 7.63952718162839162 120.768277432150398 0.0000000000E+00
 384.000000000000000 302.207238508768455 7.57917718162839193 120.328981432150400 0.0000000000E+00
 384.250000000000000 302.216107608768425 7.48458718162839176 119.892517432150399 0.0000000000E+00
 384.500000000000000 302.225842008768439 7.35715718162839138 119.464411532150393 0.0000000000E+00
 384.750000000000000 302.236310608768463 7.19878718162839171 119.049820432150398 0.0000000000E+00
 385.000000000000000 302.247371108768448 7.01184718162839182 118.653471432150397 0.0000000000E+00
 385.250000000000000 302.258871608768459 6.79913718162839231 118.279617432150388 0.0000000000E+00
 385.500000000000000 302.270652778768465 6.56385718162839193 117.931987432150393 0.0000000000E+00
 385.750000000000000 302.282550058768436 6.30955518162839191 117.613787432150389 0.0000000000E+00
 386.000000000000000 302.294396008768445 6.04007518162839219 117.327657432150389 0.0000000000E+00
 386.250000000000000 302.306022408768456 5.75948518162839207 117.075657432150393 0.0000000000E+00
 386.500000000000000 302.317263208768452 5.47202918162839236 116.859317432150391 0.0000000000E+00
 386.750000000000000 302.327956208768455 5.18205818162839194 116.679597432150388 0.0000000000E+00
 387.000000000000000 302.337946108768449 4.89396118162839233 116.536967432150391 0.0000000000E+00
 387.250000000000000 302.347086008768429 4.61210018162839219 116.431357432150392 0.0000000000E+00
 387.500000000000000 302.355240508768418 4.34074418162839226 116.362287432150396 0.0000000000E+00
 387.750000000000000 302.362286908768453 4.08400718162839205 116.328827432150391 0.0000000000E+00
 388.000000000000000 302.368117408768455 3.84575718162839220 116.329677432150390 0.0000000000E+00
 388.250000000000000 302.372641008768426 3.62962718162839204 116.363237432150399 0.0000000000E+00
 388.500000000000000 302.375784208768437 3.43886718162839200 116.427617432150399 0.0000000000E+00
 388.750000000000000 302.377494208768439 3.27635718162839185 116.520707432150388 0.0000000000E+00
 389.000000000000000 302.377735208768456 3.14455718162839215 116.640217432150394 0.0000000000E+00
 389.250000000000000 302.376496208768458 3.04544718162839212 116.783757432150395 0.0000000000E+00
 389.500000000000000 302.373784208768427 2.98050718162839212 116.948837432150398 0.0000000000E+00
 389.750000000000000 302.369628008768473 2.95069718162839179 117.132947432150388 0.0000000000E+00
 390.000000000000000 302.364078708768432 2.95645718162839177 117.333567432150389 0.0000000000E+00
 390.250000000000000 302.357206408768434 2.99766718162839219 117.548247432150390 0.0000000000E+00
 390.500000000000000 302.349101008768457 3.07367718162839187 117.774567432150391 0.0000000000E+00
 390.750000000000000 302.339870808768467 3.18329718162839193 118.010227432150387 0.0000000000E+00
 391.000000000000000 302.329641108768442 3.32484718162839199 118.253007432150397 0.0000000000E+00
 391.250000000000000 302.318552208768438 3.49614718162839200 118.500844432150387 0.0000000000E+00
 391.500000000000000 302.306757808768452 3.69456718162839204 118.751769432150397 0.0000000000E+00
 391.750000000000000 302.294422808768445 3.91708718162839187 119.003957432150401 0.0000000000E+00
 392.000000000000000 302.281720908768420 4.16029718162839224 119.255708432150399 0.0000000000E+00
 392.250000000000000 302.268832328768440 4.42049618162839231 119.505434232150392 0.0000000000E+00
 392.500000000000000 302.255941108768468 4.69372218162839161 119.751657432150395 0.0000000000E+00
 392.750000000000000 302.243232308768427 4.97582318162839243 119.992989432150395 0.0000000000E+00
 393.000000000000000 302.230889908768461 5.26252008162839235 120.228120432150391 0.0000000000E+00
 393.250000000000000 302.219093308768436 5.54947018162839179 120.455797432150391 0.0000000000E+00
 393.500000000000000 302.208015608768449 5.83233618162839207 120.674807432150388 0.0000000000E+00
 393.750000000000000 302.197820208768462 6.10684718162839246 120.883967432150399 0.0000000000E+00
 394.000000000000000 302.188658908768446 6.36887718162839178 121.082087432150388 0.0000000000E+00
 394.250000000000000 302.180669408768438 6.61447718162839227 121.267997432150395 0.0000000000E+00
 394.500000000000000 302.173973408768461 6.83997718162839163 121.440487432150391 0.0000000000E+00
 394.750000000000000 302.168674208768437 7.04202718162839147 121.598327432150398 0.0000000000E+00
 395.000000000000000 302.164856208768470 7.21760718162839154 121.740287432150396 0.0000000000E+00
 395.250000000000000 302.162583208768467 7.36413718162839182 121.865067432150397 0.0000000000E+00
 395.500000000000000 302.161894208768445 7.47946718162839197 121.971387432150394 0.0000000000E+00
 395.750000000000000 302.162808208768467 7.56194718162839230 122.057937432150396 0.0000000000E+00
 396.000000000000000 302.165321208768432 7.61040718162839180 122.123407432150387 0.0000000000E+00
 396.250000000000000 302.169404208768469 7.62420718162839250 122.166527432150389 0.0000000000E+00
 396.500000000000000 302.175006708768422 7.60323718162839235 122.186077432150398 0.0000000000E+00
 396.750000000000000 302.182054908768464 7.54791718162839231 122.180897432150388 0.0000000000E+00
 397.000000000000000 302.190454008768427 7.45916718162839132 122.149947432150398 0.0000000000E+00
 397.250000000000000 302.200089108768452 7.33844718162839182 122.092337432150387 0.0000000000E+00
 397.500000000000000 302.210826808768445 7.18766718162839169 122.007327432150390 0.0000000000E+00
 397.750000000000000 302.222516808768432 7.00920718162839229 121.894427432150394 0.0000000000E+00
 398.000000000000000 302.234994208768455 6.80583718162839180 121.753367432150398 0.0000000000E+00
 398.250000000000000 302.248082008768449 6.58071718162839225 121.584197432150390 0.0000000000E+00
 398.500000000000000 302.261593108768466 6.33731718162839197 121.387237432150400 0.0000000000E+00
 398.750000000000000 302.275333608768449 6.07937718162839147 121.163197432150398 0.0000000000E+00
 399.000000000000000 302.289105208768433 5.81083118162839174 120.913147432150396 0.0000000000E+00
 399.250000000000000 302.302708208768422 5.53577218162839202 120.638557432150392 0.0000000000E+00
 399.500000000000000 302.315944408768473 5.25836948162839235 120.341295432150389 0.0000000000E+00
 399.750000000000000 302.328620008768439 4.98281418162839174 120.023657432150387 0.0000000000E+00
 400.000000000000000 302.340548508768450 4.71325218162839210 119.688354432150390 0.0000000000E+00
 400.250000000000000 302.351553408768439 4.45372118162839215 119.338505032150394 0.0000000000E+00
 400.500000000000000 302.361471108768455 4.20808718162839224 118.977622432150397 0.0000000000E+00
 400.750000000000000 302.370152808768466 3.97999718162839189 118.609585432150396 0.0000000000E+00
 401.000000000000000 302.377467208768451 3.77280718162839168 118.238607432150388 0.0000000000E+00
 401.250000000000000 302.383303208768439 3.58954718162839193 117.869197432150401 0.0000000000E+00
 401.500000000000000 302.387568208768471 3.43286718162839222 117.506087432150395 0.0000000000E+00
 401.750000000000000 302.390196208768430 3.30499718162839207 117.154207432150400 0.0000000000E+00
 402.000000000000000 302.391141208768431 3.20774718162839179 116.818597432150398 0.0000000000E+00
 402.250000000000000 302.390384208768467 3.14240718162839183 116.504337432150393 0.0000000000E+00
 402.500000000000000 302.387928208768471 3.10983718162839207 116.216457432150392 0.0000000000E+00
 402.750000000000000 302.383804208768424 3.11033718162839179 115.959897432150399 0.0000000000E+00
 403.000000000000000 302.378066208768473 3.14375718162839179 115.739377432150391 0.0000000000E+00
 403.250000000000000 302.370791708768422 3.20940718162839200 115.559327432150397 0.0000000000E+00
 403.500000000000000 302.362081208768473 3.30614718162839205 115.423807432150397 0.0000000000E+00
 403.750000000000000 302.352056908768418 3.43235718162839198 115.336437432150390 0.0000000000E+00
 404.000000000000000 302.340860408768435 3.58596718162839201 115.300267432150392 0.0000000000E+00
 404.250000000000000 302.328651208768463 3.76453718162839213 115.317767432150390 0.0000000000E+00
 404.500000000000000 302.315603908768423 3.96523718162839200 115.390717432150396 0.0000000000E+00
 404.750000000000000 302.301906308768423 4.18492718162839239 115.520147432150395 0.0000000000E+00
 405.000000000000000 302.287756108768463 4.42019818162839151 115.706317432150399 0.0000000000E+00
 405.250000000000000 302.273358469768425 4.66743618162839180 115.948637432150392 0.0000000000E+00
 405.500000000000000 302.258922708768466 4.92285418162839150 116.245687432150390 0.0000000000E+00
 405.750000000000000 302.244659408768428 5.18257218162839184 116.595157432150387 0.0000000000E+00
 406.000000000000000 302.230777308768438 5.44266818162839172 116.993877432150398 0.0000000000E+00
 406.250000000000000 302.217480308768472 5.69923818162839169 117.437827432150399 0.0000000000E+00
 406.500000000000000 302.204964108768422 5.94845918162839205 117.922167432150388 0.0000000000E+00
 406.750000000000000 302.193413808768469 6.18664318162839244 118.441245432150396 0.0000000000E+00
 407.000000000000000 302.183000608768452 6.41029718162839224 118.988730432150390 0.0000000000E+00
 407.250000000000000 302.173879708768425 6.61615718162839173 119.557622432150396 0.0000000000E+00
 407.500000000000000 302.166188208768460 6.80125718162839199 120.140361432150399 0.0000000000E+00
 407.750000000000000 302.160040208768464 6.96298718162839236 120.728927432150400 0.0000000000E+00
 408.000000000000000 302.155532208768420 7.09907718162839174 121.314947432150390 0.0000000000E+00
 408.250000000000000 302.152732208768441 7.20766718162839215 121.889817432150394 0.0000000000E+00
 408.500000000000000 302.151685208768470 7.28732718162839177 122.444817432150387 0.0000000000E+00
 408.750000000000000 302.152411208768456 7.33707718162839218 122.971277432150387 0.0000000000E+00
 409.000000000000000 302.154903208768474 7.35639718162839173 123.460667432150387 0.0000000000E+00
 409.250000000000000 302.159128208768436 7.34521718162839221 123.904767432150393 0.0000000000E+00
 409.500000000000000 302.165028208768433 7.30393718162839178 124.295827432150389 0.0000000000E+00
 409.750000000000000 302.172521208768444 7.23339718162839240 124.626637432150389 0.0000000000E+00
 410.000000000000000 302.181500008768467 7.13488718162839142 124.890727432150399 0.0000000000E+00
 410.250000000000000 302.191836008768462 7.01008718162839184 125.082427432150396 0.0000000000E+00
 410.500000000000000 302.203380808768429 6.86106718162839169 125.197037432150395 0.0000000000E+00
 410.750000000000000 302.215967608768437 6.69025718162839222 125.230897432150400 0.0000000000E+00
 411.000000000000000 302.229414008768458 6.50036718162839211 125.181477432150388 0.0000000000E+00
 411.250000000000000 302.243524708768462 6.29439018162839226 125.047447432150392 0.0000000000E+00
 411.500000000000000 302.258094208768455 6.07552918162839184 124.828727432150387 0.0000000000E+00
 411.750000000000000 302.272909974768424 5.84715218162839179 124.526547432150394 0.0000000000E+00
 412.000000000000000 302.287755608768464 5.61274218162839222 124.143427432150389 0.0000000000E+00
 412.250000000000000 302.302413608768461 5.37583958162839171 123.683187432150390 0.0000000000E+00
 412.500000000000000 302.316669308768439 5.13998918162839225 123.150927432150397 0.0000000000E+00
 412.750000000000000 302.330313408768461 4.90869018162839232 122.552977432150399 0.0000000000E+00
 413.000000000000000 302.343145208768419 4.68533918162839225 121.896797432150393 0.0000000000E+00
 413.250000000000000 302.354975908768438 4.47318118162839173 121.190937432150392 0.0000000000E+00
 413.500000000000000 302.365631008768446 4.27526718162839181 120.444897432150398 0.0000000000E+00
 413.750000000000000 302.374953208768432 4.09439718162839217 119.669008432150392 0.0000000000E+00
 414.000000000000000 302.382804208768448 3.93308718162839188 118.874286432150399 0.0000000000E+00
 414.250000000000000 302.389068208768435 3.79355718162839217 118.072287432150389 0.0000000000E+00
 414.500000000000000 302.393652208768458 3.67765718162839228 117.274907432150400 0.0000000000E+00
 414.750000000000000 302.396486208768465 3.58686718162839213 116.494267432150394 0.0000000000E+00
 415.000000000000000 302.397528208768449 3.52229718162839189 115.742437432150396 0.0000000000E+00
 415.250000000000000 302.396761208768453 3.48461718162839196 115.031337432150394 0.0000000000E+00
 415.500000000000000 302.394195208768451 3.47412718162839207 114.372487432150393 0.0000000000E+00
 415.750000000000000 302.389866208768467 3.49069718162839226 113.776827432150398 0.0000000000E+00
 416.000000000000000 302.383838208768452 3.53380718162839180 113.254567432150395 0.0000000000E+00
 416.250000000000000 302.376196208768420 3.60252718162839169 112.814967432150397 0.0000000000E+00
 416.500000000000000 302.367053208768425 3.69558718162839206 112.466217432150387 0.0000000000E+00
 416.750000000000000 302.356541608768453 3.81133718162839186 112.215237432150388 0.0000000000E+00
 417.000000000000000 302.344815108768444 3.94782718162839164 112.067607432150396 0.0000000000E+00
 417.250000000000000 302.332045008768432 4.10280718162839175 112.027397432150394 0.0000000000E+00
 417.500000000000000 302.318418108768469 4.27380718162839202 112.097107432150395 0.0000000000E+00
 417.750000000000000 302.304133808768427 4.45812118162839166 112.277587432150398 0.0000000000E+00
 418.000000000000000 302.289401308768447 4.65288218162839229 112.567997432150392 0.0000000000E+00
 418.250000000000000 302.274436319768427 4.85510818162839186 112.965797432150396 0.0000000000E+00
 418.500000000000000 302.259458008768434 5.06174218162839207 113.466737432150396 0.0000000000E+00
 418.750000000000000 302.244685708768429 5.26969718162839218 114.064917432150395 0.0000000000E+00
 419.000000000000000 302.230335708768450 5.47590718162839174 114.752827432150397 0.0000000000E+00
 419.250000000000000 302.216618208768466 5.67737118162839227 115.521457432150399 0.0000000000E+00
 419.500000000000000 302.203733908768470 5.87119318162839221 116.360397432150393 0.0000000000E+00
 419.750000000000000 302.191871308768441 6.05463218162839212 117.258007432150393 0.0000000000E+00
 420.000000000000000 302.181203608768442 6.22513418162839205 118.201527432150399 0.0000000000E+00
 420.250000000000000 302.171887208768453 6.38036718162839200 119.177300432150389 0.0000000000E+00
 420.500000000000000 302.164056208768443 6.51826718162839214 120.170965432150396 0.0000000000E+00
 420.750000000000000 302.157827208768424 6.63703718162839174 121.167657432150392 0.0000000000E+00
 421.000000000000000 302.153288208768458 6.73519718162839176 122.152237432150400 0.0000000000E+00
 421.250000000000000 302.150505208768436 6.81158718162839172 123.109527432150401 0.0000000000E+00
 421.500000000000000 302.149518208768427 6.86538718162839245 124.024547432150399 0.0000000000E+00
 421.750000000000000 302.150340208768455 6.89611718162839171 124.882757432150399 0.0000000000E+00
 422.000000000000000 302.152957208768441 6.90365718162839226 125.670267432150396 0.0000000000E+00
 422.250000000000000 302.157331208768426 6.88819718162839223 126.374107432150396 0.0000000000E+00
 422.500000000000000 302.163394208768466 6.85029718162839174 126.982377432150400 0.0000000000E+00
 422.750000000000000 302.171057208768445 6.79080718162839148 127.484537432150390 0.0000000000E+00
 423.000000000000000 302.180206108768459 6.71091718162839168 127.871497432150392 0.0000000000E+00
 423.250000000000000 302.190705808768428 6.61204718162839189 128.135847432150399 0.0000000000E+00
 423.500000000000000 302.202400908768425 6.49592718162839233 128.271957432150401 0.0000000000E+00
 423.750000000000000 302.215119008768454 6.36446718162839176 128.276117432150386 0.0000000000E+00
 424.000000000000000 302.228672808768465 6.21980118162839180 128.146607432150404 0.0000000000E+00
 424.250000000000000 302.242863108768461 6.06420418162839159 127.883737432150397 0.0000000000E+00
 424.500000000000000 302.257481508768421 5.90008118162839246 127.489877432150394 0.0000000000E+00
 424.750000000000000 302.272313618768464 5.72991818162839195 126.969477432150398 0.0000000000E+00
 425.000000000000000 302.287142408768432 5.55625118162839193 126.328957432150389 0.0000000000E+00
 425.250000000000000 302.301751008768463 5.38162278162839236 125.576707432150400 0.0000000000E+00
 425.500000000000000 302.315926408768462 5.20854718162839170 124.722927432150399 0.0000000000E+00
 426.250000000000000 302.315926408768462 5.20854718162839170 124.722927432150399 0.0000000000E+00
