  z[m] p[mb] tp[K] q[g/kg] u[m/s] v[m/s]                                         
    0.   19  1012.000
  181.9533  991.2500  297.8875   16.9125    2.1825    2.2912
  594.6412  945.5000  298.8686   15.1946    2.2788    1.7968
 1080.4487  893.7899  300.8130   13.1334    1.8036    0.8748
 1650.9093  836.0610  303.6204   11.0572    0.6041    0.1950
 2315.0466  772.8203  307.0595    9.0094   -1.3566   -0.1154
 3077.2112  705.2192  310.6622    7.2552   -3.3361   -0.1112
 3934.9336  635.0493  314.3889    5.7149   -4.5930   -0.1550
 4880.6069  564.4793  319.1491    4.2389   -4.4479   -0.4403
 5901.9937  495.7297  324.4579    2.6616   -3.6280   -0.6002
 6982.0391  430.7107  329.5230    1.4294   -3.4905    0.0082
 8101.3945  370.7804  333.8068    0.8254   -4.1545    0.3023
 9241.0703  316.7198  337.3094    0.4266   -5.2653   -0.3910
10383.8711  268.8203  339.9574    0.1873   -7.2290   -0.9489
11516.0684  226.9803  342.1569    0.0783   -9.6472   -0.8314
12629.4932  190.8202  344.6918    0.0312  -11.3717   -0.1702
13719.9629  159.8698  348.8586    0.0128  -10.8804    0.6564
14791.2295  133.5501  356.6048    0.0066   -7.8976    0.9572
15853.1611  111.2899  370.1069    0.0050   -5.6403    0.6071
16920.1250   92.5598  391.3977    0.0066   -5.5845    0.4451
 1000.   19  1012.000
  181.9533  991.2500  297.8875   16.9125    2.1825    2.2912
  594.6412  945.5000  298.8686   15.1946    2.2788    1.7968
 1080.4487  893.7899  300.8130   13.1334    1.8036    0.8748
 1650.9093  836.0610  303.6204   11.0572    0.6041    0.1950
 2315.0466  772.8203  307.0595    9.0094   -1.3566   -0.1154
 3077.2112  705.2192  310.6622    7.2552   -3.3361   -0.1112
 3934.9336  635.0493  314.3889    5.7149   -4.5930   -0.1550
 4880.6069  564.4793  319.1491    4.2389   -4.4479   -0.4403
 5901.9937  495.7297  324.4579    2.6616   -3.6280   -0.6002
 6982.0391  430.7107  329.5230    1.4294   -3.4905    0.0082
 8101.3945  370.7804  333.8068    0.8254   -4.1545    0.3023
 9241.0703  316.7198  337.3094    0.4266   -5.2653   -0.3910
10383.8711  268.8203  339.9574    0.1873   -7.2290   -0.9489
11516.0684  226.9803  342.1569    0.0783   -9.6472   -0.8314
12629.4932  190.8202  344.6918    0.0312  -11.3717   -0.1702
13719.9629  159.8698  348.8586    0.0128  -10.8804    0.6564
14791.2295  133.5501  356.6048    0.0066   -7.8976    0.9572
15853.1611  111.2899  370.1069    0.0050   -5.6403    0.6071
16920.1250   92.5598  391.3977    0.0066   -5.5845    0.4451
