  p[mb] (dt/dt)rad [K/s]
 243.,  19  day,levels
    991.250      -0.280350E-04
    945.500      -0.171682E-04
    893.790      -0.225437E-04
    836.060      -0.278164E-04
    772.820      -0.300026E-04
    705.220      -0.278678E-04
    635.050      -0.236111E-04
    564.480      -0.220422E-04
    495.730      -0.200746E-04
    430.710      -0.184156E-04
    370.780      -0.178627E-04
    316.720      -0.160494E-04
    268.820      -0.133745E-04
    226.980      -0.107382E-04
    190.820      -0.812757E-05
    159.870      -0.543981E-05
    133.550      -0.451389E-05
    111.290      -0.451389E-05
    92.5600      -0.451389E-05
 243.125,  19  day,levels
    991.250      -0.280350E-04
    945.500      -0.171682E-04
    893.790      -0.225437E-04
    836.060      -0.278164E-04
    772.820      -0.300026E-04
    705.220      -0.278678E-04
    635.050      -0.236111E-04
    564.480      -0.220422E-04
    495.730      -0.200746E-04
    430.710      -0.184156E-04
    370.780      -0.178627E-04
    316.720      -0.160494E-04
    268.820      -0.133745E-04
    226.980      -0.107382E-04
    190.820      -0.812757E-05
    159.870      -0.543981E-05
    133.550      -0.451389E-05
    111.290      -0.451389E-05
    92.5600      -0.451389E-05
 243.25,  19  day,levels
    991.250      -0.280350E-04
    945.500      -0.171682E-04
    893.790      -0.225437E-04
    836.060      -0.278164E-04
    772.820      -0.300026E-04
    705.220      -0.278678E-04
    635.050      -0.236111E-04
    564.480      -0.220422E-04
    495.730      -0.200746E-04
    430.710      -0.184156E-04
    370.780      -0.178627E-04
    316.720      -0.160494E-04
    268.820      -0.133745E-04
    226.980      -0.107382E-04
    190.820      -0.812757E-05
    159.870      -0.543981E-05
    133.550      -0.451389E-05
    111.290      -0.451389E-05
    92.5600      -0.451389E-05
 243.375,  19  day,levels
    991.250      -0.280350E-04
    945.500      -0.171682E-04
    893.790      -0.225437E-04
    836.060      -0.278164E-04
    772.820      -0.300026E-04
    705.220      -0.278678E-04
    635.050      -0.236111E-04
    564.480      -0.220422E-04
    495.730      -0.200746E-04
    430.710      -0.184156E-04
    370.780      -0.178627E-04
    316.720      -0.160494E-04
    268.820      -0.133745E-04
    226.980      -0.107382E-04
    190.820      -0.812757E-05
    159.870      -0.543981E-05
    133.550      -0.451389E-05
    111.290      -0.451389E-05
    92.5600      -0.451389E-05
 243.5,  19  day,levels
    991.250      -0.280350E-04
    945.500      -0.171682E-04
    893.790      -0.225437E-04
    836.060      -0.278164E-04
    772.820      -0.300026E-04
    705.220      -0.278678E-04
    635.050      -0.236111E-04
    564.480      -0.220422E-04
    495.730      -0.200746E-04
    430.710      -0.184156E-04
    370.780      -0.178627E-04
    316.720      -0.160494E-04
    268.820      -0.133745E-04
    226.980      -0.107382E-04
    190.820      -0.812757E-05
    159.870      -0.543981E-05
    133.550      -0.451389E-05
    111.290      -0.451389E-05
    92.5600      -0.451389E-05
 243.625,  19  day,levels
    991.250      -0.280350E-04
    945.500      -0.171682E-04
    893.790      -0.225437E-04
    836.060      -0.278164E-04
    772.820      -0.300026E-04
    705.220      -0.278678E-04
    635.050      -0.236111E-04
    564.480      -0.220422E-04
    495.730      -0.200746E-04
    430.710      -0.184156E-04
    370.780      -0.178627E-04
    316.720      -0.160494E-04
    268.820      -0.133745E-04
    226.980      -0.107382E-04
    190.820      -0.812757E-05
    159.870      -0.543981E-05
    133.550      -0.451389E-05
    111.290      -0.451389E-05
    92.5600      -0.451389E-05
 243.75,  19  day,levels
    991.250      -0.280350E-04
    945.500      -0.171682E-04
    893.790      -0.225437E-04
    836.060      -0.278164E-04
    772.820      -0.300026E-04
    705.220      -0.278678E-04
    635.050      -0.236111E-04
    564.480      -0.220422E-04
    495.730      -0.200746E-04
    430.710      -0.184156E-04
    370.780      -0.178627E-04
    316.720      -0.160494E-04
    268.820      -0.133745E-04
    226.980      -0.107382E-04
    190.820      -0.812757E-05
    159.870      -0.543981E-05
    133.550      -0.451389E-05
    111.290      -0.451389E-05
    92.5600      -0.451389E-05
 243.875,  19  day,levels
    991.250      -0.280350E-04
    945.500      -0.171682E-04
    893.790      -0.225437E-04
    836.060      -0.278164E-04
    772.820      -0.300026E-04
    705.220      -0.278678E-04
    635.050      -0.236111E-04
    564.480      -0.220422E-04
    495.730      -0.200746E-04
    430.710      -0.184156E-04
    370.780      -0.178627E-04
    316.720      -0.160494E-04
    268.820      -0.133745E-04
    226.980      -0.107382E-04
    190.820      -0.812757E-05
    159.870      -0.543981E-05
    133.550      -0.451389E-05
    111.290      -0.451389E-05
    92.5600      -0.451389E-05
 244.,  19  day,levels
    991.250      -0.272119E-04
    945.500      -0.860340E-05
    893.790      -0.853910E-05
    836.060      -0.865484E-05
    772.820      -0.952932E-05
    705.220      -0.127701E-04
    635.050      -0.194702E-04
    564.480      -0.338220E-04
    495.730      -0.396605E-04
    430.710      -0.406250E-04
    370.780      -0.354424E-04
    316.720      -0.285108E-04
    268.820      -0.203961E-04
    226.980      -0.147762E-04
    190.820      -0.111754E-04
    159.870      -0.754887E-05
    133.550      -0.622428E-05
    111.290      -0.622428E-05
    92.5600      -0.622428E-05
 244.125,  19  day,levels
    991.250      -0.267361E-04
    945.500      -0.819187E-05
    893.790      -0.901492E-05
    836.060      -0.103524E-04
    772.820      -0.132716E-04
    705.220      -0.186085E-04
    635.050      -0.269676E-04
    564.480      -0.410622E-04
    495.730      -0.416281E-04
    430.710      -0.372814E-04
    370.780      -0.306970E-04
    316.720      -0.245756E-04
    268.820      -0.187243E-04
    226.980      -0.141975E-04
    190.820      -0.107896E-04
    159.870      -0.731739E-05
    133.550      -0.606996E-05
    111.290      -0.606996E-05
    92.5600      -0.606996E-05
 244.25,  19  day,levels
    991.250      -0.260159E-04
    945.500      -0.866769E-05
    893.790      -0.118827E-04
    836.060      -0.159465E-04
    772.820      -0.215149E-04
    705.220      -0.275463E-04
    635.050      -0.340792E-04
    564.480      -0.409594E-04
    495.730      -0.366255E-04
    430.710      -0.300026E-04
    370.780      -0.260674E-04
    316.720      -0.217850E-04
    268.820      -0.171811E-04
    226.980      -0.134131E-04
    190.820      -0.102495E-04
    159.870      -0.702161E-05
    133.550      -0.585134E-05
    111.290      -0.585134E-05
    92.5600      -0.585134E-05
 244.375,  19  day,levels
    991.250      -0.240741E-04
    945.500      -0.816615E-05
    893.790      -0.137860E-04
    836.060      -0.199460E-04
    772.820      -0.252058E-04
    705.220      -0.271476E-04
    635.050      -0.269033E-04
    564.480      -0.261574E-04
    495.730      -0.218879E-04
    430.710      -0.177598E-04
    370.780      -0.165381E-04
    316.720      -0.147377E-04
    268.820      -0.125643E-04
    226.980      -0.101980E-04
    190.820      -0.765175E-05
    159.870      -0.502829E-05
    133.550      -0.408951E-05
    111.290      -0.408951E-05
    92.5600      -0.408951E-05
 244.5,  19  day,levels
    991.250      -0.201775E-04
    945.500      -0.145319E-05
    893.790      -0.622428E-05
    836.060      -0.111368E-04
    772.820      -0.141718E-04
    705.220      -0.127443E-04
    635.050      -0.864198E-05
    564.480      -0.520833E-05
    495.730      -0.213477E-05
    430.710      -0.514403E-07
    370.780      -0.385802E-06
    316.720      -0.136317E-05
    268.820      -0.281636E-05
    226.980      -0.281636E-05
    190.820      -0.168467E-05
    159.870      -0.540123E-06
    133.550      -0.102881E-06
    111.290      -0.102881E-06
    92.5600      -0.102881E-06
 244.625,  19  day,levels
    991.250      -0.174640E-04
    945.500       0.356224E-05
    893.790      -0.437243E-06
    836.060      -0.433385E-05
    772.820      -0.573560E-05
    705.220      -0.358796E-05
    635.050       0.604424E-06
    564.480       0.397377E-05
    495.730       0.659722E-05
    430.710       0.824331E-05
    370.780       0.797325E-05
    316.720       0.592850E-05
    268.820       0.277778E-05
    226.980       0.154321E-05
    190.820       0.181327E-05
    159.870       0.207047E-05
    133.550       0.217335E-05
    111.290       0.217335E-05
    92.5600       0.217335E-05
 244.75,  19  day,levels
    991.250      -0.204089E-04
    945.500      -0.371656E-05
    893.790      -0.855195E-05
    836.060      -0.130916E-04
    772.820      -0.140946E-04
    705.220      -0.115869E-04
    635.050      -0.718879E-05
    564.480      -0.474537E-05
    495.730      -0.280350E-05
    430.710      -0.149177E-05
    370.780      -0.131173E-05
    316.720      -0.186471E-05
    268.820      -0.288066E-05
    226.980      -0.270062E-05
    190.820      -0.162037E-05
    159.870      -0.475823E-06
    133.550      -0.385802E-07
    111.290      -0.385802E-07
    92.5600      -0.385802E-07
 244.875,  19  day,levels
    991.250      -0.282407E-04
    945.500      -0.174254E-04
    893.790      -0.223765E-04
    836.060      -0.269676E-04
    772.820      -0.278035E-04
    705.220      -0.252443E-04
    635.050      -0.211548E-04
    564.480      -0.198688E-04
    495.730      -0.183771E-04
    430.710      -0.170268E-04
    370.780      -0.164352E-04
    316.720      -0.147762E-04
    268.820      -0.124357E-04
    226.980      -0.100051E-04
    190.820      -0.752315E-05
    159.870      -0.496399E-05
    133.550      -0.403807E-05
    111.290      -0.403807E-05
    92.5600      -0.403807E-05
 245.,  19  day,levels
    991.250      -0.331019E-04
    945.500      -0.243956E-04
    893.790      -0.291152E-04
    836.060      -0.333719E-04
    772.820      -0.335520E-04
    705.220      -0.308385E-04
    635.050      -0.269805E-04
    564.480      -0.260545E-04
    495.730      -0.248200E-04
    430.710      -0.236625E-04
    370.780      -0.229938E-04
    316.720      -0.203575E-04
    268.820      -0.164995E-04
    226.980      -0.130658E-04
    190.820      -0.100180E-04
    159.870      -0.694444E-05
    133.550      -0.578704E-05
    111.290      -0.578704E-05
    92.5600      -0.578704E-05
 245.125,  19  day,levels
    991.250      -0.331533E-04
    945.500      -0.248457E-04
    893.790      -0.296425E-04
    836.060      -0.338992E-04
    772.820      -0.338477E-04
    705.220      -0.310571E-04
    635.050      -0.272505E-04
    564.480      -0.262474E-04
    495.730      -0.250514E-04
    430.710      -0.239069E-04
    370.780      -0.232510E-04
    316.720      -0.205890E-04
    268.820      -0.166409E-04
    226.980      -0.131944E-04
    190.820      -0.101337E-04
    159.870      -0.706019E-05
    133.550      -0.590278E-05
    111.290      -0.590278E-05
    92.5600      -0.590278E-05
 245.25,  19  day,levels
    991.250      -0.318930E-04
    945.500      -0.237269E-04
    893.790      -0.294110E-04
    836.060      -0.344264E-04
    772.820      -0.341049E-04
    705.220      -0.310700E-04
    635.050      -0.270062E-04
    564.480      -0.259774E-04
    495.730      -0.247685E-04
    430.710      -0.236497E-04
    370.780      -0.229681E-04
    316.720      -0.203575E-04
    268.820      -0.164480E-04
    226.980      -0.130401E-04
    190.820      -0.100309E-04
    159.870      -0.694444E-05
    133.550      -0.578704E-05
    111.290      -0.578704E-05
    92.5600      -0.578704E-05
 245.375,  19  day,levels
    991.250      -0.276620E-04
    945.500      -0.177469E-04
    893.790      -0.237397E-04
    836.060      -0.290381E-04
    772.820      -0.286780E-04
    705.220      -0.253472E-04
    635.050      -0.208462E-04
    564.480      -0.191744E-04
    495.730      -0.176955E-04
    430.710      -0.165123E-04
    370.780      -0.161651E-04
    316.720      -0.146219E-04
    268.820      -0.123585E-04
    226.980      -0.996656E-05
    190.820      -0.752315E-05
    159.870      -0.497685E-05
    133.550      -0.405093E-05
    111.290      -0.405093E-05
    92.5600      -0.405093E-05
 245.5,  19  day,levels
    991.250      -0.197402E-04
    945.500      -0.524691E-05
    893.790      -0.105195E-04
    836.060      -0.152521E-04
    772.820      -0.153035E-04
    705.220      -0.118441E-04
    635.050      -0.664866E-05
    564.480      -0.348508E-05
    495.730      -0.145319E-05
    430.710      -0.295782E-06
    370.780      -0.552984E-06
    316.720      -0.150463E-05
    268.820      -0.294496E-05
    226.980      -0.293210E-05
    190.820      -0.174897E-05
    159.870      -0.565844E-06
    133.550      -0.128601E-06
    111.290      -0.128601E-06
    92.5600      -0.128601E-06
 245.625,  19  day,levels
    991.250      -0.162423E-04
    945.500       0.304784E-05
    893.790      -0.140175E-05
    836.060      -0.556842E-05
    772.820      -0.646862E-05
    705.220      -0.367798E-05
    635.050       0.120885E-05
    564.480       0.488683E-05
    495.730       0.709877E-05
    430.710       0.834619E-05
    370.780       0.803755E-05
    316.720       0.587706E-05
    268.820       0.244342E-05
    226.980       0.117027E-05
    190.820       0.159465E-05
    159.870       0.203189E-05
    133.550       0.217335E-05
    111.290       0.217335E-05
    92.5600       0.217335E-05
 245.75,  19  day,levels
    991.250      -0.205761E-04
    945.500      -0.295782E-05
    893.790      -0.727881E-05
    836.060      -0.114712E-04
    772.820      -0.131687E-04
    705.220      -0.114583E-04
    635.050      -0.787037E-05
    564.480      -0.552984E-05
    495.730      -0.321502E-05
    430.710      -0.147891E-05
    370.780      -0.111883E-05
    316.720      -0.173611E-05
    268.820      -0.295782E-05
    226.980      -0.284208E-05
    190.820      -0.167181E-05
    159.870      -0.462963E-06
    133.550      -0.514403E-07
    111.290      -0.514403E-07
    92.5600      -0.514403E-07
 245.875,  19  day,levels
    991.250      -0.258230E-04
    945.500      -0.137731E-04
    893.790      -0.194959E-04
    836.060      -0.250643E-04
    772.820      -0.272505E-04
    705.220      -0.261060E-04
    635.050      -0.232639E-04
    564.480      -0.219393E-04
    495.730      -0.196245E-04
    430.710      -0.175154E-04
    370.780      -0.167438E-04
    316.720      -0.149306E-04
    268.820      -0.125386E-04
    226.980      -0.100566E-04
    190.820      -0.752315E-05
    159.870      -0.497685E-05
    133.550      -0.405093E-05
    111.290      -0.405093E-05
    92.5600      -0.405093E-05
 246.,  19  day,levels
    991.250      -0.264789E-04
    945.500      -0.168081E-04
    893.790      -0.244470E-04
    836.060      -0.317773E-04
    772.820      -0.341435E-04
    705.220      -0.331533E-04
    635.050      -0.303627E-04
    564.480      -0.288194E-04
    495.730      -0.265432E-04
    430.710      -0.244985E-04
    370.780      -0.236111E-04
    316.720      -0.208076E-04
    268.820      -0.167953E-04
    226.980      -0.132459E-04
    190.820      -0.101723E-04
    159.870      -0.695730E-05
    133.550      -0.578704E-05
    111.290      -0.578704E-05
    92.5600      -0.578704E-05
 246.125,  19  day,levels
    991.250      -0.257202E-04
    945.500      -0.144162E-04
    893.790      -0.216178E-04
    836.060      -0.287423E-04
    772.820      -0.319573E-04
    705.220      -0.326132E-04
    635.050      -0.316229E-04
    564.480      -0.302083E-04
    495.730      -0.275849E-04
    430.710      -0.251672E-04
    370.780      -0.242284E-04
    316.720      -0.215406E-04
    268.820      -0.176569E-04
    226.980      -0.140689E-04
    190.820      -0.107382E-04
    159.870      -0.729167E-05
    133.550      -0.606996E-05
    111.290      -0.606996E-05
    92.5600      -0.606996E-05
 246.25,  19  day,levels
    991.250      -0.256944E-04
    945.500      -0.109054E-04
    893.790      -0.161780E-04
    836.060      -0.217335E-04
    772.820      -0.257845E-04
    705.220      -0.288194E-04
    635.050      -0.309671E-04
    564.480      -0.319187E-04
    495.730      -0.291152E-04
    430.710      -0.260674E-04
    370.780      -0.251415E-04
    316.720      -0.226209E-04
    268.820      -0.190201E-04
    226.980      -0.153292E-04
    190.820      -0.115226E-04
    159.870      -0.762603E-05
    133.550      -0.623714E-05
    111.290      -0.623714E-05
    92.5600      -0.623714E-05
 246.375,  19  day,levels
    991.250      -0.245885E-04
    945.500      -0.689300E-05
    893.790      -0.110983E-04
    836.060      -0.156379E-04
    772.820      -0.192258E-04
    705.220      -0.214763E-04
    635.050      -0.229681E-04
    564.480      -0.247428E-04
    495.730      -0.227109E-04
    430.710      -0.202546E-04
    370.780      -0.194316E-04
    316.720      -0.175669E-04
    268.820      -0.150206E-04
    226.980      -0.120756E-04
    190.820      -0.879630E-05
    159.870      -0.546554E-05
    133.550      -0.424383E-05
    111.290      -0.424383E-05
    92.5600      -0.424383E-05
 246.5,  19  day,levels
    991.250      -0.237269E-04
    945.500      -0.376800E-05
    893.790      -0.644290E-05
    836.060      -0.914352E-05
    772.820      -0.107382E-04
    705.220      -0.105581E-04
    635.050      -0.942644E-05
    564.480      -0.906636E-05
    495.730      -0.778035E-05
    430.710      -0.623714E-05
    370.780      -0.470679E-05
    316.720      -0.357510E-05
    268.820      -0.266204E-05
    226.980      -0.180041E-05
    190.820      -0.913066E-06
    159.870      -0.514403E-07
    133.550       0.295782E-06
    111.290       0.295782E-06
    92.5600       0.295782E-06
 246.625,  19  day,levels
    991.250      -0.243184E-04
    945.500      -0.403807E-05
    893.790      -0.513117E-05
    836.060      -0.610854E-05
    772.820      -0.604424E-05
    705.220      -0.500257E-05
    635.050      -0.340792E-05
    564.480      -0.235340E-05
    495.730      -0.141461E-05
    430.710      -0.643004E-07
    370.780       0.227623E-05
    316.720       0.430813E-05
    268.820       0.621142E-05
    226.980       0.610854E-05
    190.820       0.442387E-05
    159.870       0.270062E-05
    133.550       0.205761E-05
    111.290       0.205761E-05
    92.5600       0.205761E-05
 246.75,  19  day,levels
    991.250      -0.244342E-04
    945.500      -0.464249E-05
    893.790      -0.588992E-05
    836.060      -0.698302E-05
    772.820      -0.680298E-05
    705.220      -0.596708E-05
    635.050      -0.471965E-05
    564.480      -0.348508E-05
    495.730      -0.299640E-05
    430.710      -0.295782E-05
    370.780      -0.365226E-05
    316.720      -0.300926E-05
    268.820      -0.147891E-05
    226.980      -0.200617E-05
    190.820      -0.423097E-05
    159.870      -0.648148E-05
    133.550      -0.730453E-05
    111.290      -0.730453E-05
    92.5600      -0.730453E-05
 246.875,  19  day,levels
    991.250      -0.247557E-04
    945.500      -0.536265E-05
    893.790      -0.668724E-05
    836.060      -0.785751E-05
    772.820      -0.780607E-05
    705.220      -0.718879E-05
    635.050      -0.644290E-05
    564.480      -0.625000E-05
    495.730      -0.778035E-05
    430.710      -0.107124E-04
    370.780      -0.157150E-04
    316.720      -0.183771E-04
    268.820      -0.195602E-04
    226.980      -0.195216E-04
    190.820      -0.184285E-04
    159.870      -0.173483E-04
    133.550      -0.169753E-04
    111.290      -0.169753E-04
    92.5600      -0.169753E-04
 247.,  19  day,levels
    991.250      -0.261188E-04
    945.500      -0.742027E-05
    893.790      -0.799897E-05
    836.060      -0.857767E-05
    772.820      -0.883488E-05
    705.220      -0.990226E-05
    635.050      -0.119084E-04
    564.480      -0.156121E-04
    495.730      -0.202418E-04
    430.710      -0.248200E-04
    370.780      -0.284208E-04
    316.720      -0.287423E-04
    268.820      -0.270190E-04
    226.980      -0.237011E-04
    190.820      -0.191358E-04
    159.870      -0.144805E-04
    133.550      -0.127701E-04
    111.290      -0.127701E-04
    92.5600      -0.127701E-04
 247.125,  19  day,levels
    991.250      -0.266461E-04
    945.500      -0.810185E-05
    893.790      -0.857767E-05
    836.060      -0.952932E-05
    772.820      -0.121271E-04
    705.220      -0.168853E-04
    635.050      -0.235211E-04
    564.480      -0.317515E-04
    495.730      -0.344136E-04
    430.710      -0.342978E-04
    370.780      -0.311986E-04
    316.720      -0.269547E-04
    268.820      -0.219264E-04
    226.980      -0.173225E-04
    190.820      -0.130401E-04
    159.870      -0.865484E-05
    133.550      -0.708591E-05
    111.290      -0.708591E-05
    92.5600      -0.708591E-05
 247.25,  19  day,levels
    991.250      -0.269933E-04
    945.500      -0.864198E-05
    893.790      -0.878344E-05
    836.060      -0.942644E-05
    772.820      -0.117541E-04
    705.220      -0.159594E-04
    635.050      -0.225823E-04
    564.480      -0.340535E-04
    495.730      -0.442901E-04
    430.710      -0.469907E-04
    370.780      -0.318158E-04
    316.720      -0.229681E-04
    268.820      -0.180684E-04
    226.980      -0.140175E-04
    190.820      -0.106224E-04
    159.870      -0.718879E-05
    133.550      -0.594136E-05
    111.290      -0.594136E-05
    92.5600      -0.594136E-05
 247.375,  19  day,levels
    991.250      -0.275977E-04
    945.500      -0.927212E-05
    893.790      -0.851337E-05
    836.060      -0.767747E-05
    772.820      -0.703447E-05
    705.220      -0.739455E-05
    635.050      -0.101980E-04
    564.480      -0.204604E-04
    495.730      -0.389661E-04
    430.710      -0.483796E-04
    370.780      -0.287551E-04
    316.720      -0.183899E-04
    268.820      -0.137603E-04
    226.980      -0.101980E-04
    190.820      -0.748457E-05
    159.870      -0.473251E-05
    133.550      -0.374228E-05
    111.290      -0.374228E-05
    92.5600      -0.374228E-05
 247.5,  19  day,levels
    991.250      -0.271862E-04
    945.500      -0.829475E-05
    893.790      -0.703447E-05
    836.060      -0.558128E-05
    772.820      -0.399949E-05
    705.220      -0.267490E-05
    635.050      -0.311214E-05
    564.480      -0.988940E-05
    495.730      -0.164866E-04
    430.710      -0.181970E-04
    370.780      -0.779321E-05
    316.720      -0.344650E-05
    268.820      -0.291924E-05
    226.980      -0.207047E-05
    190.820      -0.925926E-06
    159.870       0.244342E-06
    133.550       0.643004E-06
    111.290       0.643004E-06
    92.5600       0.643004E-06
 247.625,  19  day,levels
    991.250      -0.260802E-04
    945.500      -0.603138E-05
    893.790      -0.459105E-05
    836.060      -0.302212E-05
    772.820      -0.151749E-05
    705.220      -0.141461E-06
    635.050      -0.771605E-07
    564.480      -0.520833E-05
    495.730      -0.156893E-05
    430.710       0.398663E-05
    370.780       0.774177E-05
    316.720       0.712449E-05
    268.820       0.370370E-05
    226.980       0.234054E-05
    190.820       0.259774E-05
    159.870       0.286780E-05
    133.550       0.297068E-05
    111.290       0.297068E-05
    92.5600       0.297068E-05
 247.75,  19  day,levels
    991.250      -0.252829E-04
    945.500      -0.552984E-05
    893.790      -0.567130E-05
    836.060      -0.604424E-05
    772.820      -0.715021E-05
    705.220      -0.799897E-05
    635.050      -0.964506E-05
    564.480      -0.150077E-04
    495.730      -0.106353E-04
    430.710      -0.444959E-05
    370.780      -0.951646E-06
    316.720      -0.552984E-06
    268.820      -0.217335E-05
    226.980      -0.226337E-05
    190.820      -0.115741E-05
    159.870      -0.128601E-07
    133.550       0.385802E-06
    111.290       0.385802E-06
    92.5600       0.385802E-06
 247.875,  19  day,levels
    991.250      -0.250129E-04
    945.500      -0.758745E-05
    893.790      -0.114583E-04
    836.060      -0.160108E-04
    772.820      -0.212834E-04
    705.220      -0.240612E-04
    635.050      -0.257973E-04
    564.480      -0.294367E-04
    495.730      -0.259516E-04
    430.710      -0.209105E-04
    370.780      -0.172840E-04
    316.720      -0.145833E-04
    268.820      -0.124743E-04
    226.980      -0.102109E-04
    190.820      -0.787037E-05
    159.870      -0.545268E-05
    133.550      -0.457819E-05
    111.290      -0.457819E-05
    92.5600      -0.457819E-05
 248.,  19  day,levels
    991.250      -0.255530E-04
    945.500      -0.995370E-05
    893.790      -0.155221E-04
    836.060      -0.217978E-04
    772.820      -0.279321E-04
    705.220      -0.301955E-04
    635.050      -0.302984E-04
    564.480      -0.312371E-04
    495.730      -0.286008E-04
    430.710      -0.253344E-04
    370.780      -0.231996E-04
    316.720      -0.203318E-04
    268.820      -0.170267E-04
    226.980      -0.143133E-04
    190.820      -0.121013E-04
    159.870      -0.982510E-05
    133.550      -0.900206E-05
    111.290      -0.900206E-05
    92.5600      -0.900206E-05
 248.125,  19  day,levels
    991.250      -0.265689E-04
    945.500      -0.116898E-04
    893.790      -0.165638E-04
    836.060      -0.216692E-04
    772.820      -0.254115E-04
    705.220      -0.262603E-04
    635.050      -0.256301E-04
    564.480      -0.261060E-04
    495.730      -0.249100E-04
    430.710      -0.234182E-04
    370.780      -0.226080E-04
    316.720      -0.207819E-04
    268.820      -0.183256E-04
    226.980      -0.162166E-04
    190.820      -0.144290E-04
    159.870      -0.125772E-04
    133.550      -0.119213E-04
    111.290      -0.119213E-04
    92.5600      -0.119213E-04
 248.25,  19  day,levels
    991.250      -0.266847E-04
    945.500      -0.120885E-04
    893.790      -0.170010E-04
    836.060      -0.218879E-04
    772.820      -0.243570E-04
    705.220      -0.244856E-04
    635.050      -0.233153E-04
    564.480      -0.232768E-04
    495.730      -0.227623E-04
    430.710      -0.223637E-04
    370.780      -0.226337E-04
    316.720      -0.214892E-04
    268.820      -0.194830E-04
    226.980      -0.172454E-04
    190.820      -0.149434E-04
    159.870      -0.125514E-04
    133.550      -0.116770E-04
    111.290      -0.116770E-04
    92.5600      -0.116770E-04
 248.375,  19  day,levels
    991.250      -0.252572E-04
    945.500      -0.963220E-05
    893.790      -0.141847E-04
    836.060      -0.187886E-04
    772.820      -0.213477E-04
    705.220      -0.212577E-04
    635.050      -0.197274E-04
    564.480      -0.191615E-04
    495.730      -0.182227E-04
    430.710      -0.173611E-04
    370.780      -0.170525E-04
    316.720      -0.160751E-04
    268.820      -0.145576E-04
    226.980      -0.125514E-04
    190.820      -0.101337E-04
    159.870      -0.763889E-05
    133.550      -0.677726E-05
    111.290      -0.677726E-05
    92.5600      -0.677726E-05
 248.5,  19  day,levels
    991.250      -0.232253E-04
    945.500      -0.464249E-05
    893.790      -0.699588E-05
    836.060      -0.954218E-05
    772.820      -0.117284E-04
    705.220      -0.110597E-04
    635.050      -0.871914E-05
    564.480      -0.712449E-05
    495.730      -0.561986E-05
    430.710      -0.423097E-05
    370.780      -0.303498E-05
    316.720      -0.252058E-05
    268.820      -0.252058E-05
    226.980      -0.205761E-05
    190.820      -0.127315E-05
    159.870      -0.450103E-06
    133.550      -0.115741E-06
    111.290      -0.115741E-06
    92.5600      -0.115741E-06
 248.625,  19  day,levels
    991.250      -0.230710E-04
    945.500      -0.273920E-05
    893.790      -0.367798E-05
    836.060      -0.477109E-05
    772.820      -0.590278E-05
    705.220      -0.491255E-05
    635.050      -0.266204E-05
    564.480      -0.655864E-06
    495.730       0.835905E-06
    430.710       0.226337E-05
    370.780       0.385802E-05
    316.720       0.466821E-05
    268.820       0.500257E-05
    226.980       0.468107E-05
    190.820       0.387088E-05
    159.870       0.297068E-05
    133.550       0.267490E-05
    111.290       0.267490E-05
    92.5600       0.267490E-05
 248.75,  19  day,levels
    991.250      -0.241127E-04
    945.500      -0.416667E-05
    893.790      -0.524691E-05
    836.060      -0.632716E-05
    772.820      -0.685442E-05
    705.220      -0.648148E-05
    635.050      -0.554270E-05
    564.480      -0.500257E-05
    495.730      -0.460391E-05
    430.710      -0.421811E-05
    370.780      -0.381944E-05
    316.720      -0.317644E-05
    268.820      -0.236626E-05
    226.980      -0.258488E-05
    190.820      -0.366512E-05
    159.870      -0.475823E-05
    133.550      -0.514403E-05
    111.290      -0.514403E-05
    92.5600      -0.514403E-05
 248.875,  19  day,levels
    991.250      -0.246142E-04
    945.500      -0.482253E-05
    893.790      -0.592850E-05
    836.060      -0.706018E-05
    772.820      -0.796039E-05
    705.220      -0.842335E-05
    635.050      -0.896348E-05
    564.480      -0.102752E-04
    495.730      -0.115998E-04
    430.710      -0.131430E-04
    370.780      -0.151878E-04
    316.720      -0.158693E-04
    268.820      -0.157279E-04
    226.980      -0.164223E-04
    190.820      -0.178755E-04
    159.870      -0.193158E-04
    133.550      -0.198302E-04
    111.290      -0.198302E-04
    92.5600      -0.198302E-04
 249.,  19  day,levels
    991.250      -0.246271E-04
    945.500      -0.519547E-05
    893.790      -0.699588E-05
    836.060      -0.905350E-05
    772.820      -0.110468E-04
    705.220      -0.122299E-04
    635.050      -0.132202E-04
    564.480      -0.151363E-04
    495.730      -0.164866E-04
    430.710      -0.179141E-04
    370.780      -0.198688E-04
    316.720      -0.203061E-04
    268.820      -0.198560E-04
    226.980      -0.207433E-04
    190.820      -0.227366E-04
    159.870      -0.247428E-04
    133.550      -0.254887E-04
    111.290      -0.254887E-04
    92.5600      -0.254887E-04
 249.125,  19  day,levels
    991.250      -0.250514E-04
    945.500      -0.650720E-05
    893.790      -0.905350E-05
    836.060      -0.118956E-04
    772.820      -0.148020E-04
    705.220      -0.166152E-04
    635.050      -0.179398E-04
    564.480      -0.198174E-04
    495.730      -0.207562E-04
    430.710      -0.212963E-04
    370.780      -0.215021E-04
    316.720      -0.209362E-04
    268.820      -0.198302E-04
    226.980      -0.195345E-04
    190.820      -0.198431E-04
    159.870      -0.201903E-04
    133.550      -0.202932E-04
    111.290      -0.202932E-04
    92.5600      -0.202932E-04
 249.25,  19  day,levels
    991.250      -0.257459E-04
    945.500      -0.722737E-05
    893.790      -0.893776E-05
    836.060      -0.111111E-04
    772.820      -0.143647E-04
    705.220      -0.174254E-04
    635.050      -0.204990E-04
    564.480      -0.239069E-04
    495.730      -0.256687E-04
    430.710      -0.262088E-04
    370.780      -0.247685E-04
    316.720      -0.231224E-04
    268.820      -0.212963E-04
    226.980      -0.191615E-04
    190.820      -0.168210E-04
    159.870      -0.144419E-04
    133.550      -0.135674E-04
    111.290      -0.135674E-04
    92.5600      -0.135674E-04
 249.375,  19  day,levels
    991.250      -0.252958E-04
    945.500      -0.605710E-05
    893.790      -0.738169E-05
    836.060      -0.920782E-05
    772.820      -0.122428E-04
    705.220      -0.148534E-04
    635.050      -0.174511E-04
    564.480      -0.208591E-04
    495.730      -0.213477E-04
    430.710      -0.205761E-04
    370.780      -0.185700E-04
    316.720      -0.167310E-04
    268.820      -0.149691E-04
    226.980      -0.133488E-04
    190.820      -0.118313E-04
    159.870      -0.102495E-04
    133.550      -0.970936E-05
    111.290      -0.970936E-05
    92.5600      -0.970936E-05
 249.5,  19  day,levels
    991.250      -0.243313E-04
    945.500      -0.455247E-05
    893.790      -0.570988E-05
    836.060      -0.699588E-05
    772.820      -0.802469E-05
    705.220      -0.816615E-05
    635.050      -0.810185E-05
    564.480      -0.933642E-05
    495.730      -0.774177E-05
    430.710      -0.547840E-05
    370.780      -0.372942E-05
    316.720      -0.222479E-05
    268.820      -0.835905E-06
    226.980      -0.745885E-06
    190.820      -0.168467E-05
    159.870      -0.262346E-05
    133.550      -0.297068E-05
    111.290      -0.297068E-05
    92.5600      -0.297068E-05
 249.625,  19  day,levels
    991.250      -0.240612E-04
    945.500      -0.405093E-05
    893.790      -0.489969E-05
    836.060      -0.568416E-05
    772.820      -0.560700E-05
    705.220      -0.469393E-05
    635.050      -0.345936E-05
    564.480      -0.318930E-05
    495.730      -0.127315E-05
    430.710       0.104167E-05
    370.780       0.321502E-05
    316.720       0.524691E-05
    268.820       0.722737E-05
    226.980       0.695730E-05
    190.820       0.483539E-05
    159.870       0.268776E-05
    133.550       0.192901E-05
    111.290       0.192901E-05
    92.5600       0.192901E-05
 249.75,  19  day,levels
    991.250      -0.248714E-04
    945.500      -0.542695E-05
    893.790      -0.636574E-05
    836.060      -0.727881E-05
    772.820      -0.742027E-05
    705.220      -0.670010E-05
    635.050      -0.565844E-05
    564.480      -0.552984E-05
    495.730      -0.495113E-05
    430.710      -0.457819E-05
    370.780      -0.502829E-05
    316.720      -0.470679E-05
    268.820      -0.384516E-05
    226.980      -0.312500E-05
    190.820      -0.255916E-05
    159.870      -0.196759E-05
    133.550      -0.176183E-05
    111.290      -0.176183E-05
    92.5600      -0.176183E-05
 249.875,  19  day,levels
    991.250      -0.263374E-04
    945.500      -0.780607E-05
    893.790      -0.839763E-05
    836.060      -0.900206E-05
    772.820      -0.915638E-05
    705.220      -0.913066E-05
    635.050      -0.968364E-05
    564.480      -0.130916E-04
    495.730      -0.163580E-04
    430.710      -0.200360E-04
    370.780      -0.246785E-04
    316.720      -0.247299E-04
    268.820      -0.219136E-04
    226.980      -0.178498E-04
    190.820      -0.127958E-04
    159.870      -0.763889E-05
    133.550      -0.577418E-05
    111.290      -0.577418E-05
    92.5600      -0.577418E-05
 250.,  19  day,levels
    991.250      -0.268004E-04
    945.500      -0.869342E-05
    893.790      -0.963220E-05
    836.060      -0.107896E-04
    772.820      -0.122814E-04
    705.220      -0.143004E-04
    635.050      -0.178755E-04
    564.480      -0.261831E-04
    495.730      -0.308256E-04
    430.710      -0.334362E-04
    370.780      -0.333719E-04
    316.720      -0.297968E-04
    268.820      -0.239455E-04
    226.980      -0.185571E-04
    190.820      -0.135031E-04
    159.870      -0.838477E-05
    133.550      -0.654578E-05
    111.290      -0.654578E-05
    92.5600      -0.654578E-05
 250.125,  19  day,levels
    991.250      -0.260931E-04
    945.500      -0.857767E-05
    893.790      -0.118956E-04
    836.060      -0.158179E-04
    772.820      -0.203189E-04
    705.220      -0.241255E-04
    635.050      -0.281379E-04
    564.480      -0.341307E-04
    495.730      -0.343236E-04
    430.710      -0.322274E-04
    370.780      -0.286523E-04
    316.720      -0.243056E-04
    268.820      -0.194830E-04
    226.980      -0.152392E-04
    190.820      -0.115226E-04
    159.870      -0.772891E-05
    133.550      -0.634002E-05
    111.290      -0.634002E-05
    92.5600      -0.634002E-05
 250.25,  19  day,levels
    991.250      -0.254244E-04
    945.500      -0.855196E-05
    893.790      -0.137860E-04
    836.060      -0.197145E-04
    772.820      -0.257845E-04
    705.220      -0.299254E-04
    635.050      -0.324203E-04
    564.480      -0.325746E-04
    495.730      -0.294496E-04
    430.710      -0.261060E-04
    370.780      -0.247814E-04
    316.720      -0.218621E-04
    268.820      -0.179398E-04
    226.980      -0.145962E-04
    190.820      -0.117155E-04
    159.870      -0.875772E-05
    133.550      -0.769033E-05
    111.290      -0.769033E-05
    92.5600      -0.769033E-05
 250.375,  19  day,levels
    991.250      -0.242413E-04
    945.500      -0.685442E-05
    893.790      -0.115226E-04
    836.060      -0.166538E-04
    772.820      -0.210905E-04
    705.220      -0.238426E-04
    635.050      -0.250900E-04
    564.480      -0.243441E-04
    495.730      -0.206019E-04
    430.710      -0.170910E-04
    370.780      -0.164866E-04
    316.720      -0.150720E-04
    268.820      -0.131301E-04
    226.980      -0.112140E-04
    190.820      -0.937500E-05
    159.870      -0.744599E-05
    133.550      -0.679012E-05
    111.290      -0.679012E-05
    92.5600      -0.679012E-05
 250.5,  19  day,levels
    991.250      -0.210777E-04
    945.500      -0.141461E-05
    893.790      -0.520833E-05
    836.060      -0.905350E-05
    772.820      -0.113169E-04
    705.220      -0.110725E-04
    635.050      -0.922068E-05
    564.480      -0.765175E-05
    495.730      -0.439815E-05
    430.710      -0.167181E-05
    370.780      -0.147891E-05
    316.720      -0.182613E-05
    268.820      -0.250772E-05
    226.980      -0.246914E-05
    190.820      -0.186471E-05
    159.870      -0.124743E-05
    133.550      -0.101595E-05
    111.290      -0.101595E-05
    92.5600      -0.101595E-05
 250.625,  19  day,levels
    991.250      -0.202675E-04
    945.500       0.681584E-06
    893.790      -0.210905E-05
    836.060      -0.480967E-05
    772.820      -0.579990E-05
    705.220      -0.417953E-05
    635.050      -0.104167E-05
    564.480       0.140175E-05
    495.730       0.338220E-05
    430.710       0.484825E-05
    370.780       0.538837E-05
    316.720       0.498971E-05
    268.820       0.407665E-05
    226.980       0.339506E-05
    190.820       0.288066E-05
    159.870       0.236626E-05
    133.550       0.216049E-05
    111.290       0.216049E-05
    92.5600       0.216049E-05
 250.75,  19  day,levels
    991.250      -0.230195E-04
    945.500      -0.371656E-05
    893.790      -0.628858E-05
    836.060      -0.888632E-05
    772.820      -0.101595E-04
    705.220      -0.997942E-05
    635.050      -0.901492E-05
    564.480      -0.846194E-05
    495.730      -0.765175E-05
    430.710      -0.663580E-05
    370.780      -0.533693E-05
    316.720      -0.408951E-05
    268.820      -0.281636E-05
    226.980      -0.183899E-05
    190.820      -0.105453E-05
    159.870      -0.270062E-06
    133.550       0.128601E-07
    111.290       0.128601E-07
    92.5600       0.128601E-07
 250.875,  19  day,levels
    991.250      -0.251543E-04
    945.500      -0.792181E-05
    893.790      -0.121271E-04
    836.060      -0.166281E-04
    772.820      -0.200360E-04
    705.220      -0.226980E-04
    635.050      -0.247685E-04
    564.480      -0.262603E-04
    495.730      -0.247942E-04
    430.710      -0.225437E-04
    370.780      -0.204218E-04
    316.720      -0.173354E-04
    268.820      -0.136188E-04
    226.980      -0.104938E-04
    190.820      -0.775463E-05
    159.870      -0.500257E-05
    133.550      -0.401235E-05
    111.290      -0.401235E-05
    92.5600      -0.401235E-05
 251.,  19  day,levels
    991.250      -0.255916E-04
    945.500      -0.952932E-05
    893.790      -0.155864E-04
    836.060      -0.220165E-04
    772.820      -0.268519E-04
    705.220      -0.306199E-04
    635.050      -0.332433E-04
    564.480      -0.334748E-04
    495.730      -0.308771E-04
    430.710      -0.278549E-04
    370.780      -0.259774E-04
    316.720      -0.224280E-04
    268.820      -0.177855E-04
    226.980      -0.138503E-04
    190.820      -0.105195E-04
    159.870      -0.707305E-05
    133.550      -0.586420E-05
    111.290      -0.586420E-05
    92.5600      -0.586420E-05
 251.125,  19  day,levels
    991.250      -0.255144E-04
    945.500      -0.108025E-04
    893.790      -0.179398E-04
    836.060      -0.252443E-04
    772.820      -0.294753E-04
    705.220      -0.317258E-04
    635.050      -0.323560E-04
    564.480      -0.311857E-04
    495.730      -0.291281E-04
    430.710      -0.271219E-04
    370.780      -0.259902E-04
    316.720      -0.227366E-04
    268.820      -0.181070E-04
    226.980      -0.141718E-04
    190.820      -0.107382E-04
    159.870      -0.725309E-05
    133.550      -0.600566E-05
    111.290      -0.600566E-05
    92.5600      -0.600566E-05
 251.25,  19  day,levels
    991.250      -0.260031E-04
    945.500      -0.122428E-04
    893.790      -0.189943E-04
    836.060      -0.257330E-04
    772.820      -0.289995E-04
    705.220      -0.303627E-04
    635.050      -0.306842E-04
    564.480      -0.316101E-04
    495.730      -0.292181E-04
    430.710      -0.264661E-04
    370.780      -0.252572E-04
    316.720      -0.221193E-04
    268.820      -0.177984E-04
    226.980      -0.139918E-04
    190.820      -0.106353E-04
    159.870      -0.716307E-05
    133.550      -0.591564E-05
    111.290      -0.591564E-05
    92.5600      -0.591564E-05
 251.375,  19  day,levels
    991.250      -0.250000E-04
    945.500      -0.946502E-05
    893.790      -0.146348E-04
    836.060      -0.198431E-04
    772.820      -0.227238E-04
    705.220      -0.237269E-04
    635.050      -0.242541E-04
    564.480      -0.273534E-04
    495.730      -0.234568E-04
    430.710      -0.187371E-04
    370.780      -0.173611E-04
    316.720      -0.153549E-04
    268.820      -0.129501E-04
    226.980      -0.104424E-04
    190.820      -0.779321E-05
    159.870      -0.504115E-05
    133.550      -0.406379E-05
    111.290      -0.406379E-05
    92.5600      -0.406379E-05
 251.5,  19  day,levels
    991.250      -0.222865E-04
    945.500      -0.263632E-05
    893.790      -0.552984E-05
    836.060      -0.844907E-05
    772.820      -0.101209E-04
    705.220      -0.974794E-05
    635.050      -0.870628E-05
    564.480      -0.102109E-04
    495.730      -0.583848E-05
    430.710      -0.127315E-05
    370.780      -0.552984E-06
    316.720      -0.119599E-05
    268.820      -0.273920E-05
    226.980      -0.275206E-05
    190.820      -0.156893E-05
    159.870      -0.385802E-06
    133.550       0.257202E-07
    111.290       0.257202E-07
    92.5600       0.257202E-07
 251.625,  19  day,levels
    991.250      -0.203575E-04
    945.500       0.248200E-05
    893.790       0.372942E-06
    836.060      -0.176183E-05
    772.820      -0.308642E-05
    705.220      -0.230195E-05
    635.050      -0.128601E-07
    564.480       0.272634E-05
    495.730       0.639146E-05
    430.710       0.919496E-05
    370.780       0.900206E-05
    316.720       0.663580E-05
    268.820       0.285494E-05
    226.980       0.138889E-05
    190.820       0.176183E-05
    159.870       0.214763E-05
    133.550       0.228909E-05
    111.290       0.228909E-05
    92.5600       0.228909E-05
 251.75,  19  day,levels
    991.250      -0.216178E-04
    945.500      -0.643004E-07
    893.790      -0.285494E-05
    836.060      -0.588992E-05
    772.820      -0.847479E-05
    705.220      -0.973508E-05
    635.050      -0.100051E-04
    564.480      -0.924640E-05
    495.730      -0.519547E-05
    430.710      -0.137603E-05
    370.780      -0.797325E-06
    316.720      -0.141461E-05
    268.820      -0.282922E-05
    226.980      -0.282922E-05
    190.820      -0.165895E-05
    159.870      -0.462963E-06
    133.550      -0.514403E-07
    111.290      -0.514403E-07
    92.5600      -0.514403E-07
 251.875,  19  day,levels
    991.250      -0.250257E-04
    945.500      -0.614712E-05
    893.790      -0.816615E-05
    836.060      -0.105324E-04
    772.820      -0.137217E-04
    705.220      -0.187243E-04
    635.050      -0.257459E-04
    564.480      -0.359053E-04
    495.730      -0.304012E-04
    430.710      -0.221965E-04
    370.780      -0.189172E-04
    316.720      -0.158308E-04
    268.820      -0.128601E-04
    226.980      -0.101466E-04
    190.820      -0.760031E-05
    159.870      -0.495113E-05
    133.550      -0.401235E-05
    111.290      -0.401235E-05
    92.5600      -0.401235E-05
 252.,  19  day,levels
    991.250      -0.264017E-04
    945.500      -0.805041E-05
    893.790      -0.888632E-05
    836.060      -0.104938E-04
    772.820      -0.144033E-04
    705.220      -0.225437E-04
    635.050      -0.336420E-04
    564.480      -0.453061E-04
    495.730      -0.395576E-04
    430.710      -0.307870E-04
    370.780      -0.272762E-04
    316.720      -0.229167E-04
    268.820      -0.179655E-04
    226.980      -0.139660E-04
    190.820      -0.106610E-04
    159.870      -0.733025E-05
    133.550      -0.614712E-05
    111.290      -0.614712E-05
    92.5600      -0.614712E-05
 252.125,  19  day,levels
    991.250      -0.264146E-04
    945.500      -0.793467E-05
    893.790      -0.853910E-05
    836.060      -0.992798E-05
    772.820      -0.140561E-04
    705.220      -0.216692E-04
    635.050      -0.311085E-04
    564.480      -0.380787E-04
    495.730      -0.351466E-04
    430.710      -0.304655E-04
    370.780      -0.288452E-04
    316.720      -0.251286E-04
    268.820      -0.200103E-04
    226.980      -0.157536E-04
    190.820      -0.121142E-04
    159.870      -0.839763E-05
    133.550      -0.709877E-05
    111.290      -0.709877E-05
    92.5600      -0.709877E-05
 252.25,  19  day,levels
    991.250      -0.264146E-04
    945.500      -0.805041E-05
    893.790      -0.875772E-05
    836.060      -0.100694E-04
    772.820      -0.133873E-04
    705.220      -0.191101E-04
    635.050      -0.261317E-04
    564.480      -0.316744E-04
    495.730      -0.319444E-04
    430.710      -0.306199E-04
    370.780      -0.290638E-04
    316.720      -0.257845E-04
    268.820      -0.214635E-04
    226.980      -0.172968E-04
    190.820      -0.132587E-04
    159.870      -0.916924E-05
    133.550      -0.769033E-05
    111.290      -0.769033E-05
    92.5600      -0.769033E-05
 252.375,  19  day,levels
    991.250      -0.256430E-04
    945.500      -0.730453E-05
    893.790      -0.873200E-05
    836.060      -0.105324E-04
    772.820      -0.131301E-04
    705.220      -0.168724E-04
    635.050      -0.209619E-04
    564.480      -0.230067E-04
    495.730      -0.227238E-04
    430.710      -0.216950E-04
    370.780      -0.205376E-04
    316.720      -0.185828E-04
    268.820      -0.161137E-04
    226.980      -0.133102E-04
    190.820      -0.101852E-04
    159.870      -0.698302E-05
    133.550      -0.582562E-05
    111.290      -0.582562E-05
    92.5600      -0.582562E-05
 252.5,  19  day,levels
    991.250      -0.243313E-04
    945.500      -0.498971E-05
    893.790      -0.635288E-05
    836.060      -0.770319E-05
    772.820      -0.861625E-05
    705.220      -0.884774E-05
    635.050      -0.886060E-05
    564.480      -0.969650E-05
    495.730      -0.720165E-05
    430.710      -0.437243E-05
    370.780      -0.320216E-05
    316.720      -0.288066E-05
    268.820      -0.306070E-05
    226.980      -0.268776E-05
    190.820      -0.189043E-05
    159.870      -0.104167E-05
    133.550      -0.720165E-06
    111.290      -0.720165E-06
    92.5600      -0.720165E-06
 252.625,  19  day,levels
    991.250      -0.242027E-04
    945.500      -0.435957E-05
    893.790      -0.489969E-05
    836.060      -0.528549E-05
    772.820      -0.459105E-05
    705.220      -0.268776E-05
    635.050      -0.118313E-05
    564.480      -0.471965E-05
    495.730      -0.861626E-06
    430.710       0.407665E-05
    370.780       0.626286E-05
    316.720       0.601852E-05
    268.820       0.421811E-05
    226.980       0.326646E-05
    190.820       0.302212E-05
    159.870       0.275206E-05
    133.550       0.268776E-05
    111.290       0.268776E-05
    92.5600       0.268776E-05
 252.75,  19  day,levels
    991.250      -0.257073E-04
    945.500      -0.670010E-05
    893.790      -0.676440E-05
    836.060      -0.672582E-05
    772.820      -0.627572E-05
    705.220      -0.549126E-05
    635.050      -0.634002E-05
    564.480      -0.147377E-04
    495.730      -0.137088E-04
    430.710      -0.956790E-05
    370.780      -0.462963E-05
    316.720      -0.272634E-05
    268.820      -0.276492E-05
    226.980      -0.221193E-05
    190.820      -0.111883E-05
    159.870      -0.643004E-07
    133.550       0.334362E-06
    111.290       0.334362E-06
    92.5600       0.334362E-06
 252.875,  19  day,levels
    991.250      -0.268519E-04
    945.500      -0.853910E-05
    893.790      -0.853910E-05
    836.060      -0.864198E-05
    772.820      -0.896348E-05
    705.220      -0.992798E-05
    635.050      -0.130273E-04
    564.480      -0.230581E-04
    495.730      -0.294367E-04
    430.710      -0.314172E-04
    370.780      -0.248457E-04
    316.720      -0.201646E-04
    268.820      -0.166152E-04
    226.980      -0.130273E-04
    190.820      -0.945216E-05
    159.870      -0.578704E-05
    133.550      -0.446245E-05
    111.290      -0.446245E-05
    92.5600      -0.446245E-05
 253.,  19  day,levels
    991.250      -0.269933E-04
    945.500      -0.866769E-05
    893.790      -0.877058E-05
    836.060      -0.891204E-05
    772.820      -0.949074E-05
    705.220      -0.110340E-04
    635.050      -0.143647E-04
    564.480      -0.222994E-04
    495.730      -0.307099E-04
    430.710      -0.363297E-04
    370.780      -0.344779E-04
    316.720      -0.305041E-04
    268.820      -0.251672E-04
    226.980      -0.198045E-04
    190.820      -0.143776E-04
    159.870      -0.886060E-05
    133.550      -0.686728E-05
    111.290      -0.686728E-05
    92.5600      -0.686728E-05
 253.125,  19  day,levels
    991.250      -0.269290E-04
    945.500      -0.847479E-05
    893.790      -0.846193E-05
    836.060      -0.870628E-05
    772.820      -0.996656E-05
    705.220      -0.129372E-04
    635.050      -0.172840E-04
    564.480      -0.227881E-04
    495.730      -0.285751E-04
    430.710      -0.333205E-04
    370.780      -0.349280E-04
    316.720      -0.318673E-04
    268.820      -0.258488E-04
    226.980      -0.200874E-04
    190.820      -0.145319E-04
    159.870      -0.884774E-05
    133.550      -0.680298E-05
    111.290      -0.680298E-05
    92.5600      -0.680298E-05
 253.25,  19  day,levels
    991.250      -0.269162E-04
    945.500      -0.859053E-05
    893.790      -0.873199E-05
    836.060      -0.938786E-05
    772.820      -0.116641E-04
    705.220      -0.154707E-04
    635.050      -0.200874E-04
    564.480      -0.241770E-04
    495.730      -0.308642E-04
    430.710      -0.362654E-04
    370.780      -0.362654E-04
    316.720      -0.312757E-04
    268.820      -0.231224E-04
    226.980      -0.169882E-04
    190.820      -0.124743E-04
    159.870      -0.785751E-05
    133.550      -0.618570E-05
    111.290      -0.618570E-05
    92.5600      -0.618570E-05
 253.375,  19  day,levels
    991.250      -0.266718E-04
    945.500      -0.806327E-05
    893.790      -0.815329E-05
    836.060      -0.869342E-05
    772.820      -0.109439E-04
    705.220      -0.137474E-04
    635.050      -0.170525E-04
    564.480      -0.208719E-04
    495.730      -0.267490E-04
    430.710      -0.305556E-04
    370.780      -0.275592E-04
    316.720      -0.223765E-04
    268.820      -0.158050E-04
    226.980      -0.112397E-04
    190.820      -0.829475E-05
    159.870      -0.531121E-05
    133.550      -0.424383E-05
    111.290      -0.424383E-05
    92.5600      -0.424383E-05
 253.5,  19  day,levels
    991.250      -0.261445E-04
    945.500      -0.690586E-05
    893.790      -0.663580E-05
    836.060      -0.653292E-05
    772.820      -0.726595E-05
    705.220      -0.789609E-05
    635.050      -0.860340E-05
    564.480      -0.979938E-05
    495.730      -0.108925E-04
    430.710      -0.105838E-04
    370.780      -0.677726E-05
    316.720      -0.437243E-05
    268.820      -0.277778E-05
    226.980      -0.167181E-05
    190.820      -0.951646E-06
    159.870      -0.257202E-06
    133.550       0.128601E-07
    111.290       0.128601E-07
    92.5600       0.128601E-07
 253.625,  19  day,levels
    991.250      -0.261317E-04
    945.500      -0.686728E-05
    893.790      -0.659722E-05
    836.060      -0.619856E-05
    772.820      -0.556842E-05
    705.220      -0.443673E-05
    635.050      -0.318930E-05
    564.480      -0.268776E-05
    495.730      -0.186471E-05
    430.710      -0.192901E-06
    370.780       0.303498E-05
    316.720       0.434671E-05
    268.820       0.446245E-05
    226.980       0.414095E-05
    190.820       0.347222E-05
    159.870       0.279064E-05
    133.550       0.252058E-05
    111.290       0.252058E-05
    92.5600       0.252058E-05
 253.75,  19  day,levels
    991.250      -0.264918E-04
    945.500      -0.771605E-05
    893.790      -0.785751E-05
    836.060      -0.784465E-05
    772.820      -0.724023E-05
    705.220      -0.625000E-05
    635.050      -0.534979E-05
    564.480      -0.574846E-05
    495.730      -0.706019E-05
    430.710      -0.841049E-05
    370.780      -0.902778E-05
    316.720      -0.766461E-05
    268.820      -0.504115E-05
    226.980      -0.321502E-05
    190.820      -0.204475E-05
    159.870      -0.835905E-06
    133.550      -0.437243E-06
    111.290      -0.437243E-06
    92.5600      -0.437243E-06
 253.875,  19  day,levels
    991.250      -0.268261E-04
    945.500      -0.839763E-05
    893.790      -0.873199E-05
    836.060      -0.907922E-05
    772.820      -0.904064E-05
    705.220      -0.914352E-05
    635.050      -0.972222E-05
    564.480      -0.121785E-04
    495.730      -0.164995E-04
    430.710      -0.219522E-04
    370.780      -0.285880E-04
    316.720      -0.269419E-04
    268.820      -0.201132E-04
    226.980      -0.147377E-04
    190.820      -0.105838E-04
    159.870      -0.634002E-05
    133.550      -0.482253E-05
    111.290      -0.482253E-05
    92.5600      -0.482253E-05
 254.,  19  day,levels
    991.250      -0.271605E-04
    945.500      -0.878344E-05
    893.790      -0.880916E-05
    836.060      -0.898920E-05
    772.820      -0.961934E-05
    705.220      -0.110211E-04
    635.050      -0.139789E-04
    564.480      -0.210520E-04
    495.730      -0.277521E-04
    430.710      -0.339249E-04
    370.780      -0.387217E-04
    316.720      -0.342850E-04
    268.820      -0.240612E-04
    226.980      -0.169882E-04
    190.820      -0.124486E-04
    159.870      -0.783179E-05
    133.550      -0.615998E-05
    111.290      -0.615998E-05
    92.5600      -0.615998E-05
 254.125,  19  day,levels
    991.250      -0.275206E-04
    945.500      -0.100694E-04
    893.790      -0.109697E-04
    836.060      -0.121271E-04
    772.820      -0.138374E-04
    705.220      -0.159079E-04
    635.050      -0.195473E-04
    564.480      -0.283179E-04
    495.730      -0.358282E-04
    430.710      -0.399820E-04
    370.780      -0.363812E-04
    316.720      -0.295910E-04
    268.820      -0.206533E-04
    226.980      -0.146734E-04
    190.820      -0.110597E-04
    159.870      -0.739455E-05
    133.550      -0.604424E-05
    111.290      -0.604424E-05
    92.5600      -0.604424E-05
 254.25,  19  day,levels
    991.250      -0.278164E-04
    945.500      -0.130273E-04
    893.790      -0.164223E-04
    836.060      -0.199588E-04
    772.820      -0.221579E-04
    705.220      -0.235983E-04
    635.050      -0.253987E-04
    564.480      -0.302469E-04
    495.730      -0.345550E-04
    430.710      -0.355710E-04
    370.780      -0.286780E-04
    316.720      -0.228909E-04
    268.820      -0.176569E-04
    226.980      -0.135545E-04
    190.820      -0.103395E-04
    159.870      -0.707305E-05
    133.550      -0.591564E-05
    111.290      -0.591564E-05
    92.5600      -0.591564E-05
 254.375,  19  day,levels
    991.250      -0.258616E-04
    945.500      -0.119856E-04
    893.790      -0.166024E-04
    836.060      -0.210391E-04
    772.820      -0.223380E-04
    705.220      -0.222994E-04
    635.050      -0.219522E-04
    564.480      -0.237912E-04
    495.730      -0.233539E-04
    430.710      -0.214249E-04
    370.780      -0.175026E-04
    316.720      -0.146476E-04
    268.820      -0.124100E-04
    226.980      -0.100309E-04
    190.820      -0.749743E-05
    159.870      -0.495113E-05
    133.550      -0.401235E-05
    111.290      -0.401235E-05
    92.5600      -0.401235E-05
 254.5,  19  day,levels
    991.250      -0.195602E-04
    945.500      -0.414095E-05
    893.790      -0.893776E-05
    836.060      -0.132716E-04
    772.820      -0.134516E-04
    705.220      -0.112011E-04
    635.050      -0.779321E-05
    564.480      -0.622428E-05
    495.730      -0.379372E-05
    430.710      -0.156893E-05
    370.780      -0.578704E-06
    316.720      -0.117027E-05
    268.820      -0.271348E-05
    226.980      -0.273920E-05
    190.820      -0.160751E-05
    159.870      -0.437243E-06
    133.550      -0.257202E-07
    111.290      -0.257202E-07
    92.5600      -0.257202E-07
 254.625,  19  day,levels
    991.250      -0.159594E-04
    945.500       0.913066E-06
    893.790      -0.379372E-05
    836.060      -0.793467E-05
    772.820      -0.778035E-05
    705.220      -0.450103E-05
    635.050       0.475823E-06
    564.480       0.416667E-05
    495.730       0.680298E-05
    430.710       0.843621E-05
    370.780       0.829475E-05
    316.720       0.610854E-05
    268.820       0.259774E-05
    226.980       0.124743E-05
    190.820       0.167181E-05
    159.870       0.208333E-05
    133.550       0.221193E-05
    111.290       0.221193E-05
    92.5600       0.221193E-05
 254.75,  19  day,levels
    991.250      -0.200489E-04
    945.500      -0.356224E-05
    893.790      -0.771605E-05
    836.060      -0.115612E-04
    772.820      -0.123843E-04
    705.220      -0.109697E-04
    635.050      -0.820473E-05
    564.480      -0.608282E-05
    495.730      -0.394805E-05
    430.710      -0.225051E-05
    370.780      -0.185185E-05
    316.720      -0.228909E-05
    268.820      -0.324074E-05
    226.980      -0.295782E-05
    190.820      -0.173611E-05
    159.870      -0.450103E-06
    133.550      -0.128601E-07
    111.290      -0.128601E-07
    92.5600      -0.128601E-07
 254.875,  19  day,levels
    991.250      -0.252572E-04
    945.500      -0.105838E-04
    893.790      -0.149434E-04
    836.060      -0.193673E-04
    772.820      -0.219136E-04
    705.220      -0.231481E-04
    635.050      -0.234825E-04
    564.480      -0.231996E-04
    495.730      -0.219907E-04
    430.710      -0.204861E-04
    370.780      -0.191229E-04
    316.720      -0.166538E-04
    268.820      -0.134774E-04
    226.980      -0.105581E-04
    190.820      -0.789609E-05
    159.870      -0.514403E-05
    133.550      -0.415381E-05
    111.290      -0.415381E-05
    92.5600      -0.415381E-05
 255.,  19  day,levels
    991.250      -0.271091E-04
    945.500      -0.123200E-04
    893.790      -0.160494E-04
    836.060      -0.201517E-04
    772.820      -0.236754E-04
    705.220      -0.266204E-04
    635.050      -0.289866E-04
    564.480      -0.304527E-04
    495.730      -0.299897E-04
    430.710      -0.289095E-04
    370.780      -0.276749E-04
    316.720      -0.240484E-04
    268.820      -0.188529E-04
    226.980      -0.145705E-04
    190.820      -0.110725E-04
    159.870      -0.747171E-05
    133.550      -0.617284E-05
    111.290      -0.617284E-05
    92.5600      -0.617284E-05
 255.125,  19  day,levels
    991.250      -0.270062E-04
    945.500      -0.105581E-04
    893.790      -0.133745E-04
    836.060      -0.169239E-04
    772.820      -0.219007E-04
    705.220      -0.262474E-04
    635.050      -0.298354E-04
    564.480      -0.317773E-04
    495.730      -0.315844E-04
    430.710      -0.306456E-04
    370.780      -0.294239E-04
    316.720      -0.252958E-04
    268.820      -0.193544E-04
    226.980      -0.147248E-04
    190.820      -0.111111E-04
    159.870      -0.744599E-05
    133.550      -0.610854E-05
    111.290      -0.610854E-05
    92.5600      -0.610854E-05
 255.25,  19  day,levels
    991.250      -0.270448E-04
    945.500      -0.116384E-04
    893.790      -0.158050E-04
    836.060      -0.207562E-04
    772.820      -0.266461E-04
    705.220      -0.304141E-04
    635.050      -0.323431E-04
    564.480      -0.319059E-04
    495.730      -0.306327E-04
    430.710      -0.288709E-04
    370.780      -0.266590E-04
    316.720      -0.227238E-04
    268.820      -0.176569E-04
    226.980      -0.135931E-04
    190.820      -0.103524E-04
    159.870      -0.704732E-05
    133.550      -0.581276E-05
    111.290      -0.581276E-05
    92.5600      -0.581276E-05
 255.375,  19  day,levels
    991.250      -0.264018E-04
    945.500      -0.114455E-04
    893.790      -0.158565E-04
    836.060      -0.206404E-04
    772.820      -0.246656E-04
    705.220      -0.260417E-04
    635.050      -0.253344E-04
    564.480      -0.231610E-04
    495.730      -0.213735E-04
    430.710      -0.195602E-04
    370.780      -0.176312E-04
    316.720      -0.152778E-04
    268.820      -0.126543E-04
    226.980      -0.100694E-04
    190.820      -0.753601E-05
    159.870      -0.495113E-05
    133.550      -0.399949E-05
    111.290      -0.399949E-05
    92.5600      -0.399949E-05
 255.5,  19  day,levels
    991.250      -0.209362E-04
    945.500      -0.264918E-05
    893.790      -0.704732E-05
    836.060      -0.113169E-04
    772.820      -0.128472E-04
    705.220      -0.114712E-04
    635.050      -0.826903E-05
    564.480      -0.515689E-05
    495.730      -0.329218E-05
    430.710      -0.201903E-05
    370.780      -0.145319E-05
    316.720      -0.190329E-05
    268.820      -0.303498E-05
    226.980      -0.284208E-05
    190.820      -0.164609E-05
    159.870      -0.424383E-06
    133.550       0.128601E-07
    111.290       0.128601E-07
    92.5600       0.128601E-07
 255.625,  19  day,levels
    991.250      -0.170396E-04
    945.500       0.243056E-05
    893.790      -0.227623E-05
    836.060      -0.650720E-05
    772.820      -0.667438E-05
    705.220      -0.369084E-05
    635.050       0.102881E-05
    564.480       0.469393E-05
    495.730       0.679012E-05
    430.710       0.799897E-05
    370.780       0.790895E-05
    316.720       0.586420E-05
    268.820       0.259774E-05
    226.980       0.138889E-05
    190.820       0.178755E-05
    159.870       0.222479E-05
    133.550       0.234054E-05
    111.290       0.234054E-05
    92.5600       0.234054E-05
 255.75,  19  day,levels
    991.250      -0.207305E-04
    945.500      -0.259774E-05
    893.790      -0.658436E-05
    836.060      -0.103781E-04
    772.820      -0.113169E-04
    705.220      -0.977366E-05
    635.050      -0.677726E-05
    564.480      -0.444959E-05
    495.730      -0.330504E-05
    430.710      -0.261060E-05
    370.780      -0.228909E-05
    316.720      -0.267490E-05
    268.820      -0.349794E-05
    226.980      -0.325360E-05
    190.820      -0.222479E-05
    159.870      -0.115741E-05
    133.550      -0.771605E-06
    111.290      -0.771605E-06
    92.5600      -0.771605E-06
 255.875,  19  day,levels
    991.250      -0.245370E-04
    945.500      -0.662294E-05
    893.790      -0.100694E-04
    836.060      -0.137217E-04
    772.820      -0.163066E-04
    705.220      -0.175926E-04
    635.050      -0.178369E-04
    564.480      -0.174254E-04
    495.730      -0.178884E-04
    430.710      -0.182870E-04
    370.780      -0.179270E-04
    316.720      -0.166924E-04
    268.820      -0.149048E-04
    226.980      -0.132716E-04
    190.820      -0.118184E-04
    159.870      -0.102881E-04
    133.550      -0.974794E-05
    111.290      -0.974794E-05
    92.5600      -0.974794E-05
 256.,  19  day,levels
    991.250      -0.255144E-04
    945.500      -0.716307E-05
    893.790      -0.964506E-05
    836.060      -0.124486E-04
    772.820      -0.152263E-04
    705.220      -0.179141E-04
    635.050      -0.203061E-04
    564.480      -0.213349E-04
    495.730      -0.225952E-04
    430.710      -0.236240E-04
    370.780      -0.238683E-04
    316.720      -0.231996E-04
    268.820      -0.219650E-04
    226.980      -0.200617E-04
    190.820      -0.176569E-04
    159.870      -0.152649E-04
    133.550      -0.144033E-04
    111.290      -0.144033E-04
    92.5600      -0.144033E-04
 256.125,  19  day,levels
    991.250      -0.259388E-04
    945.500      -0.814043E-05
    893.790      -0.106610E-04
    836.060      -0.135159E-04
    772.820      -0.163323E-04
    705.220      -0.184799E-04
    635.050      -0.203318E-04
    564.480      -0.225823E-04
    495.730      -0.244342E-04
    430.710      -0.258616E-04
    370.780      -0.263503E-04
    316.720      -0.250129E-04
    268.820      -0.225566E-04
    226.980      -0.196631E-04
    190.820      -0.164480E-04
    159.870      -0.131559E-04
    133.550      -0.119470E-04
    111.290      -0.119470E-04
    92.5600      -0.119470E-04
 256.25,  19  day,levels
    991.250      -0.264789E-04
    945.500      -0.103524E-04
    893.790      -0.141332E-04
    836.060      -0.181327E-04
    772.820      -0.213735E-04
    705.220      -0.226466E-04
    635.050      -0.230195E-04
    564.480      -0.247814E-04
    495.730      -0.260159E-04
    430.710      -0.267233E-04
    370.780      -0.265303E-04
    316.720      -0.240998E-04
    268.820      -0.202160E-04
    226.980      -0.168210E-04
    190.820      -0.138503E-04
    159.870      -0.108025E-04
    133.550      -0.972222E-05
    111.290      -0.972222E-05
    92.5600      -0.972222E-05
 256.375,  19  day,levels
    991.250      -0.260674E-04
    945.500      -0.104681E-04
    893.790      -0.147634E-04
    836.060      -0.189943E-04
    772.820      -0.211291E-04
    705.220      -0.210262E-04
    635.050      -0.198045E-04
    564.480      -0.195087E-04
    495.730      -0.191101E-04
    430.710      -0.185314E-04
    370.780      -0.179655E-04
    316.720      -0.163194E-04
    268.820      -0.140046E-04
    226.980      -0.117284E-04
    190.820      -0.956790E-05
    159.870      -0.731739E-05
    133.550      -0.653292E-05
    111.290      -0.653292E-05
    92.5600      -0.653292E-05
 256.5,  19  day,levels
    991.250      -0.235597E-04
    945.500      -0.578704E-05
    893.790      -0.880916E-05
    836.060      -0.116255E-04
    772.820      -0.121914E-04
    705.220      -0.108539E-04
    635.050      -0.847479E-05
    564.480      -0.668724E-05
    495.730      -0.550412E-05
    430.710      -0.455247E-05
    370.780      -0.371656E-05
    316.720      -0.271348E-05
    268.820      -0.163323E-05
    226.980      -0.109311E-05
    190.820      -0.964506E-06
    159.870      -0.874486E-06
    133.550      -0.810185E-06
    111.290      -0.810185E-06
    92.5600      -0.810185E-06
 256.625,  19  day,levels
    991.250      -0.229810E-04
    945.500      -0.304784E-05
    893.790      -0.457819E-05
    836.060      -0.597994E-05
    772.820      -0.609568E-05
    705.220      -0.498971E-05
    635.050      -0.316358E-05
    564.480      -0.135031E-05
    495.730      -0.771605E-07
    430.710       0.105453E-05
    370.780       0.223765E-05
    316.720       0.406379E-05
    268.820       0.634002E-05
    226.980       0.634002E-05
    190.820       0.451389E-05
    159.870       0.267490E-05
    133.550       0.199331E-05
    111.290       0.199331E-05
    92.5600       0.199331E-05
 256.75,  19  day,levels
    991.250      -0.247814E-04
    945.500      -0.514403E-05
    893.790      -0.605710E-05
    836.060      -0.685442E-05
    772.820      -0.686728E-05
    705.220      -0.648148E-05
    635.050      -0.588992E-05
    564.480      -0.554270E-05
    495.730      -0.581276E-05
    430.710      -0.653292E-05
    370.780      -0.787037E-05
    316.720      -0.668724E-05
    268.820      -0.387088E-05
    226.980      -0.252058E-05
    190.820      -0.236626E-05
    159.870      -0.219907E-05
    133.550      -0.212191E-05
    111.290      -0.212191E-05
    92.5600      -0.212191E-05
 256.875,  19  day,levels
    991.250      -0.262346E-04
    945.500      -0.766461E-05
    893.790      -0.859053E-05
    836.060      -0.958076E-05
    772.820      -0.103395E-04
    705.220      -0.114712E-04
    635.050      -0.129758E-04
    564.480      -0.147634E-04
    495.730      -0.177984E-04
    430.710      -0.213220E-04
    370.780      -0.251929E-04
    316.720      -0.242798E-04
    268.820      -0.204089E-04
    226.980      -0.162809E-04
    190.820      -0.120113E-04
    159.870      -0.761317E-05
    133.550      -0.605710E-05
    111.290      -0.605710E-05
    92.5600      -0.605710E-05
 257.,  19  day,levels
    991.250      -0.268904E-04
    945.500      -0.967078E-05
    893.790      -0.121785E-04
    836.060      -0.149306E-04
    772.820      -0.173611E-04
    705.220      -0.197531E-04
    635.050      -0.223122E-04
    564.480      -0.251029E-04
    495.730      -0.282279E-04
    430.710      -0.310057E-04
    370.780      -0.324588E-04
    316.720      -0.290509E-04
    268.820      -0.224923E-04
    226.980      -0.170782E-04
    190.820      -0.125643E-04
    159.870      -0.797325E-05
    133.550      -0.634002E-05
    111.290      -0.634002E-05
    92.5600      -0.634002E-05
 257.125,  19  day,levels
    991.250      -0.271734E-04
    945.500      -0.121013E-04
    893.790      -0.171939E-04
    836.060      -0.223765E-04
    772.820      -0.254372E-04
    705.220      -0.269162E-04
    635.050      -0.277521E-04
    564.480      -0.296811E-04
    495.730      -0.305170E-04
    430.710      -0.304398E-04
    370.780      -0.289609E-04
    316.720      -0.247171E-04
    268.820      -0.186600E-04
    226.980      -0.141075E-04
    190.820      -0.107382E-04
    159.870      -0.727881E-05
    133.550      -0.601852E-05
    111.290      -0.601852E-05
    92.5600      -0.601852E-05
 257.25,  19  day,levels
    991.250      -0.279321E-04
    945.500      -0.144290E-04
    893.790      -0.206919E-04
    836.060      -0.268904E-04
    772.820      -0.296039E-04
    705.220      -0.299254E-04
    635.050      -0.290123E-04
    564.480      -0.294239E-04
    495.730      -0.283565E-04
    430.710      -0.267747E-04
    370.780      -0.250129E-04
    316.720      -0.217464E-04
    268.820      -0.174511E-04
    226.980      -0.137603E-04
    190.820      -0.105838E-04
    159.870      -0.733025E-05
    133.550      -0.615998E-05
    111.290      -0.615998E-05
    92.5600      -0.615998E-05
 257.375,  19  day,levels
    991.250      -0.267747E-04
    945.500      -0.131173E-04
    893.790      -0.183642E-04
    836.060      -0.234053E-04
    772.820      -0.253086E-04
    705.220      -0.247042E-04
    635.050      -0.227238E-04
    564.480      -0.213992E-04
    495.730      -0.194702E-04
    430.710      -0.177341E-04
    370.780      -0.170139E-04
    316.720      -0.152649E-04
    268.820      -0.128987E-04
    226.980      -0.104938E-04
    190.820      -0.805041E-05
    159.870      -0.559414E-05
    133.550      -0.469393E-05
    111.290      -0.469393E-05
    92.5600      -0.469393E-05
 257.5,  19  day,levels
    991.250      -0.228395E-04
    945.500      -0.626286E-05
    893.790      -0.963220E-05
    836.060      -0.127829E-04
    772.820      -0.134002E-04
    705.220      -0.116255E-04
    635.050      -0.860340E-05
    564.480      -0.664866E-05
    495.730      -0.439815E-05
    430.710      -0.255916E-05
    370.780      -0.217335E-05
    316.720      -0.192901E-05
    268.820      -0.183899E-05
    226.980      -0.154321E-05
    190.820      -0.109311E-05
    159.870      -0.630144E-06
    133.550      -0.488683E-06
    111.290      -0.488683E-06
    92.5600      -0.488683E-06
 257.625,  19  day,levels
    991.250      -0.219007E-04
    945.500      -0.168467E-05
    893.790      -0.370370E-05
    836.060      -0.561986E-05
    772.820      -0.619856E-05
    705.220      -0.444959E-05
    635.050      -0.155607E-05
    564.480      -0.244342E-06
    495.730       0.162037E-05
    430.710       0.348508E-05
    370.780       0.489969E-05
    316.720       0.533693E-05
    268.820       0.511831E-05
    226.980       0.447531E-05
    190.820       0.349794E-05
    159.870       0.249486E-05
    133.550       0.210905E-05
    111.290       0.210905E-05
    92.5600       0.210905E-05
 257.75,  19  day,levels
    991.250      -0.241127E-04
    945.500      -0.354938E-05
    893.790      -0.484825E-05
    836.060      -0.628858E-05
    772.820      -0.756173E-05
    705.220      -0.718879E-05
    635.050      -0.610854E-05
    564.480      -0.612140E-05
    495.730      -0.570988E-05
    430.710      -0.491255E-05
    370.780      -0.363940E-05
    316.720      -0.293210E-05
    268.820      -0.267490E-05
    226.980      -0.257202E-05
    190.820      -0.264918E-05
    159.870      -0.272634E-05
    133.550      -0.273920E-05
    111.290      -0.273920E-05
    92.5600      -0.273920E-05
 257.875,  19  day,levels
    991.250      -0.254630E-04
    945.500      -0.608282E-05
    893.790      -0.699588E-05
    836.060      -0.803755E-05
    772.820      -0.911780E-05
    705.220      -0.100437E-04
    635.050      -0.112526E-04
    564.480      -0.136317E-04
    495.730      -0.157407E-04
    430.710      -0.174769E-04
    370.780      -0.181970E-04
    316.720      -0.181327E-04
    268.820      -0.175926E-04
    226.980      -0.162294E-04
    190.820      -0.142104E-04
    159.870      -0.121013E-04
    133.550      -0.113940E-04
    111.290      -0.113940E-04
    92.5600      -0.113940E-04
 258.,  19  day,levels
    991.250      -0.257202E-04
    945.500      -0.663580E-05
    893.790      -0.748457E-05
    836.060      -0.843621E-05
    772.820      -0.927212E-05
    705.220      -0.109697E-04
    635.050      -0.135417E-04
    564.480      -0.173097E-04
    495.730      -0.201260E-04
    430.710      -0.224537E-04
    370.780      -0.241255E-04
    316.720      -0.247299E-04
    268.820      -0.246528E-04
    226.980      -0.229681E-04
    190.820      -0.199846E-04
    159.870      -0.169753E-04
    133.550      -0.159079E-04
    111.290      -0.159079E-04
    92.5600      -0.159079E-04
 258.125,  19  day,levels
    991.250      -0.253858E-04
    945.500      -0.639146E-05
    893.790      -0.780607E-05
    836.060      -0.942644E-05
    772.820      -0.109954E-04
    705.220      -0.129372E-04
    635.050      -0.152263E-04
    564.480      -0.179784E-04
    495.730      -0.192773E-04
    430.710      -0.204347E-04
    370.780      -0.221836E-04
    316.720      -0.236754E-04
    268.820      -0.250257E-04
    226.980      -0.239712E-04
    190.820      -0.210905E-04
    159.870      -0.181327E-04
    133.550      -0.170396E-04
    111.290      -0.170396E-04
    92.5600      -0.170396E-04
 258.25,  19  day,levels
    991.250      -0.251543E-04
    945.500      -0.635288E-05
    893.790      -0.850051E-05
    836.060      -0.107767E-04
    772.820      -0.124743E-04
    705.220      -0.136960E-04
    635.050      -0.148020E-04
    564.480      -0.163837E-04
    495.730      -0.174640E-04
    430.710      -0.189686E-04
    370.780      -0.217721E-04
    316.720      -0.235082E-04
    268.820      -0.245885E-04
    226.980      -0.234696E-04
    190.820      -0.206662E-04
    159.870      -0.177855E-04
    133.550      -0.167695E-04
    111.290      -0.167695E-04
    92.5600      -0.167695E-04
 258.375,  19  day,levels
    991.250      -0.251543E-04
    945.500      -0.628858E-05
    893.790      -0.839763E-05
    836.060      -0.105710E-04
    772.820      -0.120499E-04
    705.220      -0.126672E-04
    635.050      -0.128729E-04
    564.480      -0.135031E-04
    495.730      -0.143519E-04
    430.710      -0.156893E-04
    370.780      -0.179012E-04
    316.720      -0.185828E-04
    268.820      -0.182870E-04
    226.980      -0.166795E-04
    190.820      -0.140175E-04
    159.870      -0.113040E-04
    133.550      -0.103138E-04
    111.290      -0.103138E-04
    92.5600      -0.103138E-04
 258.5,  19  day,levels
    991.250      -0.247042E-04
    945.500      -0.500257E-05
    893.790      -0.609568E-05
    836.060      -0.725309E-05
    772.820      -0.823045E-05
    705.220      -0.796039E-05
    635.050      -0.700875E-05
    564.480      -0.639146E-05
    495.730      -0.650720E-05
    430.710      -0.625000E-05
    370.780      -0.450103E-05
    316.720      -0.378086E-05
    268.820      -0.370370E-05
    226.980      -0.316358E-05
    190.820      -0.226337E-05
    159.870      -0.133745E-05
    133.550      -0.977366E-06
    111.290      -0.977366E-06
    92.5600      -0.977366E-06
 258.625,  19  day,levels
    991.250      -0.248457E-04
    945.500      -0.468107E-05
    893.790      -0.477109E-05
    836.060      -0.489969E-05
    772.820      -0.513117E-05
    705.220      -0.411523E-05
    635.050      -0.248200E-05
    564.480      -0.142747E-05
    495.730      -0.131173E-05
    430.710      -0.180041E-06
    370.780       0.390947E-05
    316.720       0.515689E-05
    268.820       0.459105E-05
    226.980       0.407665E-05
    190.820       0.353652E-05
    159.870       0.299640E-05
    133.550       0.280350E-05
    111.290       0.280350E-05
    92.5600       0.280350E-05
 258.75,  19  day,levels
    991.250      -0.258616E-04
    945.500      -0.634002E-05
    893.790      -0.623714E-05
    836.060      -0.618570E-05
    772.820      -0.645576E-05
    705.220      -0.709877E-05
    635.050      -0.825617E-05
    564.480      -0.104424E-04
    495.730      -0.109311E-04
    430.710      -0.982510E-05
    370.780      -0.614712E-05
    316.720      -0.403807E-05
    268.820      -0.286780E-05
    226.980      -0.200617E-05
    190.820      -0.131173E-05
    159.870      -0.707305E-06
    133.550      -0.437243E-06
    111.290      -0.437243E-06
    92.5600      -0.437243E-06
 258.875,  19  day,levels
    991.250      -0.263632E-04
    945.500      -0.766461E-05
    893.790      -0.806327E-05
    836.060      -0.869342E-05
    772.820      -0.999228E-05
    705.220      -0.129115E-04
    635.050      -0.176312E-04
    564.480      -0.250129E-04
    495.730      -0.268776E-04
    430.710      -0.259645E-04
    370.780      -0.221579E-04
    316.720      -0.185571E-04
    268.820      -0.150592E-04
    226.980      -0.122685E-04
    190.820      -0.100309E-04
    159.870      -0.775463E-05
    133.550      -0.695730E-05
    111.290      -0.695730E-05
    92.5600      -0.695730E-05
 259.,  19  day,levels
    991.250      -0.269162E-04
    945.500      -0.959362E-05
    893.790      -0.111497E-04
    836.060      -0.129887E-04
    772.820      -0.149048E-04
    705.220      -0.176055E-04
    635.050      -0.217464E-04
    564.480      -0.297325E-04
    495.730      -0.325360E-04
    430.710      -0.322402E-04
    370.780      -0.279835E-04
    316.720      -0.240355E-04
    268.820      -0.202546E-04
    226.980      -0.167567E-04
    190.820      -0.135545E-04
    159.870      -0.102881E-04
    133.550      -0.910494E-05
    111.290      -0.910494E-05
    92.5600      -0.910494E-05
 259.125,  19  day,levels
    991.250      -0.275206E-04
    945.500      -0.112526E-04
    893.790      -0.134002E-04
    836.060      -0.158179E-04
    772.820      -0.180556E-04
    705.220      -0.207819E-04
    635.050      -0.248071E-04
    564.480      -0.323688E-04
    495.730      -0.328832E-04
    430.710      -0.308256E-04
    370.780      -0.275720E-04
    316.720      -0.240484E-04
    268.820      -0.203061E-04
    226.980      -0.164995E-04
    190.820      -0.126543E-04
    159.870      -0.871914E-05
    133.550      -0.727881E-05
    111.290      -0.727881E-05
    92.5600      -0.727881E-05
 259.25,  19  day,levels
    991.250      -0.279707E-04
    945.500      -0.119985E-04
    893.790      -0.138889E-04
    836.060      -0.161008E-04
    772.820      -0.182742E-04
    705.220      -0.221965E-04
    635.050      -0.286137E-04
    564.480      -0.403549E-04
    495.730      -0.356996E-04
    430.710      -0.283693E-04
    370.780      -0.263117E-04
    316.720      -0.229552E-04
    268.820      -0.187114E-04
    226.980      -0.148020E-04
    190.820      -0.111497E-04
    159.870      -0.742027E-05
    133.550      -0.606996E-05
    111.290      -0.606996E-05
    92.5600      -0.606996E-05
 259.375,  19  day,levels
    991.250      -0.263632E-04
    945.500      -0.981224E-05
    893.790      -0.121656E-04
    836.060      -0.146219E-04
    772.820      -0.162809E-04
    705.220      -0.197917E-04
    635.050      -0.252443E-04
    564.480      -0.337449E-04
    495.730      -0.270448E-04
    430.710      -0.186728E-04
    370.780      -0.175283E-04
    316.720      -0.155221E-04
    268.820      -0.130144E-04
    226.980      -0.103909E-04
    190.820      -0.774177E-05
    159.870      -0.502829E-05
    133.550      -0.403807E-05
    111.290      -0.403807E-05
    92.5600      -0.403807E-05
 259.5,  19  day,levels
    991.250      -0.211163E-04
    945.500      -0.300926E-05
    893.790      -0.613426E-05
    836.060      -0.906636E-05
    772.820      -0.968364E-05
    705.220      -0.100823E-04
    635.050      -0.100694E-04
    564.480      -0.905350E-05
    495.730      -0.433385E-05
    430.710      -0.180041E-06
    370.780      -0.295782E-06
    316.720      -0.127315E-05
    268.820      -0.277778E-05
    226.980      -0.281636E-05
    190.820      -0.167181E-05
    159.870      -0.450103E-06
    133.550      -0.257202E-07
    111.290      -0.257202E-07
    92.5600      -0.257202E-07
 259.625,  19  day,levels
    991.250      -0.171553E-04
    945.500       0.105453E-05
    893.790      -0.244342E-05
    836.060      -0.561986E-05
    772.820      -0.591564E-05
    705.220      -0.352366E-05
    635.050       0.668724E-06
    564.480       0.509259E-05
    495.730       0.803755E-05
    430.710       0.965792E-05
    370.780       0.889918E-05
    316.720       0.634002E-05
    268.820       0.266204E-05
    226.980       0.124743E-05
    190.820       0.162037E-05
    159.870       0.203189E-05
    133.550       0.217335E-05
    111.290       0.217335E-05
    92.5600       0.217335E-05
 259.75,  19  day,levels
    991.250      -0.186471E-04
    945.500      -0.345936E-05
    893.790      -0.910494E-05
    836.060      -0.142618E-04
    772.820      -0.149949E-04
    705.220      -0.121914E-04
    635.050      -0.736883E-05
    564.480      -0.362654E-05
    495.730      -0.153035E-05
    430.710      -0.398663E-06
    370.780      -0.565844E-06
    316.720      -0.149177E-05
    268.820      -0.290638E-05
    226.980      -0.286780E-05
    190.820      -0.169753E-05
    159.870      -0.514403E-06
    133.550      -0.643004E-07
    111.290      -0.643004E-07
    92.5600      -0.643004E-07
 259.875,  19  day,levels
    991.250      -0.231353E-04
    945.500      -0.101723E-04
    893.790      -0.167824E-04
    836.060      -0.233796E-04
    772.820      -0.266847E-04
    705.220      -0.268390E-04
    635.050      -0.248071E-04
    564.480      -0.219907E-04
    495.730      -0.199331E-04
    430.710      -0.182227E-04
    370.780      -0.168853E-04
    316.720      -0.150077E-04
    268.820      -0.127701E-04
    226.980      -0.103524E-04
    190.820      -0.778035E-05
    159.870      -0.515689E-05
    133.550      -0.420525E-05
    111.290      -0.420525E-05
    92.5600      -0.420525E-05
 260.,  19  day,levels
    991.250      -0.255916E-04
    945.500      -0.961934E-05
    893.790      -0.134902E-04
    836.060      -0.183899E-04
    772.820      -0.251543E-04
    705.220      -0.310957E-04
    635.050      -0.352366E-04
    564.480      -0.338092E-04
    495.730      -0.306070E-04
    430.710      -0.272634E-04
    370.780      -0.251543E-04
    316.720      -0.220165E-04
    268.820      -0.182227E-04
    226.980      -0.145705E-04
    190.820      -0.110340E-04
    159.870      -0.744599E-05
    133.550      -0.614712E-05
    111.290      -0.614712E-05
    92.5600      -0.614712E-05
 260.125,  19  day,levels
    991.250      -0.260031E-04
    945.500      -0.757459E-05
    893.790      -0.927212E-05
    836.060      -0.119084E-04
    772.820      -0.174254E-04
    705.220      -0.241512E-04
    635.050      -0.312757E-04
    564.480      -0.361111E-04
    495.730      -0.331533E-04
    430.710      -0.286780E-04
    370.780      -0.262346E-04
    316.720      -0.231996E-04
    268.820      -0.197917E-04
    226.980      -0.163194E-04
    190.820      -0.128086E-04
    159.870      -0.922068E-05
    133.550      -0.793467E-05
    111.290      -0.793467E-05
    92.5600      -0.793467E-05
 260.25,  19  day,levels
    991.250      -0.261188E-04
    945.500      -0.796039E-05
    893.790      -0.910494E-05
    836.060      -0.106867E-04
    772.820      -0.133873E-04
    705.220      -0.163837E-04
    635.050      -0.207433E-04
    564.480      -0.293853E-04
    495.730      -0.303755E-04
    430.710      -0.287423E-04
    370.780      -0.260288E-04
    316.720      -0.238169E-04
    268.820      -0.219264E-04
    226.980      -0.190329E-04
    190.820      -0.153164E-04
    159.870      -0.116127E-04
    133.550      -0.102366E-04
    111.290      -0.102366E-04
    92.5600      -0.102366E-04
 260.375,  19  day,levels
    991.250      -0.261446E-04
    945.500      -0.745885E-05
    893.790      -0.799897E-05
    836.060      -0.884774E-05
    772.820      -0.103395E-04
    705.220      -0.116127E-04
    635.050      -0.137731E-04
    564.480      -0.199588E-04
    495.730      -0.223637E-04
    430.710      -0.227366E-04
    370.780      -0.206533E-04
    316.720      -0.191229E-04
    268.820      -0.178884E-04
    226.980      -0.154192E-04
    190.820      -0.119856E-04
    159.870      -0.846194E-05
    133.550      -0.720165E-05
    111.290      -0.720165E-05
    92.5600      -0.720165E-05
 260.5,  19  day,levels
    991.250      -0.258359E-04
    945.500      -0.645576E-05
    893.790      -0.679012E-05
    836.060      -0.708590E-05
    772.820      -0.738169E-05
    705.220      -0.735597E-05
    635.050      -0.754887E-05
    564.480      -0.961934E-05
    495.730      -0.992798E-05
    430.710      -0.898920E-05
    370.780      -0.625000E-05
    316.720      -0.443673E-05
    268.820      -0.317644E-05
    226.980      -0.222479E-05
    190.820      -0.146605E-05
    159.870      -0.681584E-06
    133.550      -0.424383E-06
    111.290      -0.424383E-06
    92.5600      -0.424383E-06
 260.625,  19  day,levels
    991.250      -0.255273E-04
    945.500      -0.612140E-05
    893.790      -0.658436E-05
    836.060      -0.691872E-05
    772.820      -0.654578E-05
    705.220      -0.533693E-05
    635.050      -0.378086E-05
    564.480      -0.307356E-05
    495.730      -0.298354E-05
    430.710      -0.201903E-05
    370.780       0.147891E-05
    316.720       0.397377E-05
    268.820       0.586420E-05
    226.980       0.592850E-05
    190.820       0.455247E-05
    159.870       0.313786E-05
    133.550       0.262346E-05
    111.290       0.262346E-05
    92.5600       0.262346E-05
 260.75,  19  day,levels
    991.250      -0.257587E-04
    945.500      -0.666152E-05
    893.790      -0.726595E-05
    836.060      -0.771605E-05
    772.820      -0.743313E-05
    705.220      -0.658436E-05
    635.050      -0.574846E-05
    564.480      -0.609568E-05
    495.730      -0.785751E-05
    430.710      -0.910494E-05
    370.780      -0.808899E-05
    316.720      -0.623714E-05
    268.820      -0.392233E-05
    226.980      -0.258488E-05
    190.820      -0.205761E-05
    159.870      -0.151749E-05
    133.550      -0.133745E-05
    111.290      -0.133745E-05
    92.5600      -0.133745E-05
 260.875,  19  day,levels
    991.250      -0.261445E-04
    945.500      -0.739455E-05
    893.790      -0.807613E-05
    836.060      -0.875772E-05
    772.820      -0.916924E-05
    705.220      -0.956790E-05
    635.050      -0.104810E-04
    564.480      -0.135288E-04
    495.730      -0.179527E-04
    430.710      -0.218750E-04
    370.780      -0.232639E-04
    316.720      -0.222479E-04
    268.820      -0.196888E-04
    226.980      -0.166152E-04
    190.820      -0.131044E-04
    159.870      -0.952932E-05
    133.550      -0.820473E-05
    111.290      -0.820473E-05
    92.5600      -0.820473E-05
 261.,  19  day,levels
    991.250      -0.259774E-04
    945.500      -0.704732E-05
    893.790      -0.801183E-05
    836.060      -0.931070E-05
    772.820      -0.113426E-04
    705.220      -0.141332E-04
    635.050      -0.176183E-04
    564.480      -0.217078E-04
    495.730      -0.247042E-04
    430.710      -0.268390E-04
    370.780      -0.275206E-04
    316.720      -0.261574E-04
    268.820      -0.235211E-04
    226.980      -0.204990E-04
    190.820      -0.171425E-04
    159.870      -0.137088E-04
    133.550      -0.124743E-04
    111.290      -0.124743E-04
    92.5600      -0.124743E-04
 261.125,  19  day,levels
    991.250      -0.255658E-04
    945.500      -0.626286E-05
    893.790      -0.739455E-05
    836.060      -0.906636E-05
    772.820      -0.120756E-04
    705.220      -0.169110E-04
    635.050      -0.222994E-04
    564.480      -0.250514E-04
    495.730      -0.248843E-04
    430.710      -0.243184E-04
    370.780      -0.246656E-04
    316.720      -0.237269E-04
    268.820      -0.219007E-04
    226.980      -0.198688E-04
    190.820      -0.176312E-04
    159.870      -0.153807E-04
    133.550      -0.145448E-04
    111.290      -0.145448E-04
    92.5600      -0.145448E-04
 261.25,  19  day,levels
    991.250      -0.252829E-04
    945.500      -0.577418E-05
    893.790      -0.672582E-05
    836.060      -0.808899E-05
    772.820      -0.103524E-04
    705.220      -0.146862E-04
    635.050      -0.199974E-04
    564.480      -0.237526E-04
    495.730      -0.226337E-04
    430.710      -0.211548E-04
    370.780      -0.222865E-04
    316.720      -0.222865E-04
    268.820      -0.215406E-04
    226.980      -0.205890E-04
    190.820      -0.194573E-04
    159.870      -0.183128E-04
    133.550      -0.179012E-04
    111.290      -0.179012E-04
    92.5600      -0.179012E-04
 261.375,  19  day,levels
    991.250      -0.251415E-04
    945.500      -0.546553E-05
    893.790      -0.610854E-05
    836.060      -0.688014E-05
    772.820      -0.806327E-05
    705.220      -0.104424E-04
    635.050      -0.139789E-04
    564.480      -0.188657E-04
    495.730      -0.178627E-04
    430.710      -0.159079E-04
    370.780      -0.158951E-04
    316.720      -0.155093E-04
    268.820      -0.149048E-04
    226.980      -0.148020E-04
    190.820      -0.151106E-04
    159.870      -0.154321E-04
    133.550      -0.155221E-04
    111.290      -0.155221E-04
    92.5600      -0.155221E-04
 261.5,  19  day,levels
    991.250      -0.250772E-04
    945.500      -0.533693E-05
    893.790      -0.587706E-05
    836.060      -0.648148E-05
    772.820      -0.712449E-05
    705.220      -0.733025E-05
    635.050      -0.747171E-05
    564.480      -0.821759E-05
    495.730      -0.711163E-05
    430.710      -0.531121E-05
    370.780      -0.329218E-05
    316.720      -0.226337E-05
    268.820      -0.185185E-05
    226.980      -0.207047E-05
    190.820      -0.288066E-05
    159.870      -0.369084E-05
    133.550      -0.398663E-05
    111.290      -0.398663E-05
    92.5600      -0.398663E-05
 261.625,  19  day,levels
    991.250      -0.253601E-04
    945.500      -0.592850E-05
    893.790      -0.615998E-05
    836.060      -0.630144E-05
    772.820      -0.615998E-05
    705.220      -0.522119E-05
    635.050      -0.365226E-05
    564.480      -0.171039E-05
    495.730      -0.835905E-06
    430.710       0.308642E-06
    370.780       0.290638E-05
    316.720       0.397377E-05
    268.820       0.405093E-05
    226.980       0.388374E-05
    190.820       0.345936E-05
    159.870       0.300926E-05
    133.550       0.284208E-05
    111.290       0.284208E-05
    92.5600       0.284208E-05
 261.75,  19  day,levels
    991.250      -0.258359E-04
    945.500      -0.697016E-05
    893.790      -0.733025E-05
    836.060      -0.780607E-05
    772.820      -0.864198E-05
    705.220      -0.878344E-05
    635.050      -0.837191E-05
    564.480      -0.758745E-05
    495.730      -0.937500E-05
    430.710      -0.105581E-04
    370.780      -0.829475E-05
    316.720      -0.619856E-05
    268.820      -0.412809E-05
    226.980      -0.248200E-05
    190.820      -0.120885E-05
    159.870       0.102881E-06
    133.550       0.604424E-06
    111.290       0.604424E-06
    92.5600       0.604424E-06
 261.875,  19  day,levels
    991.250      -0.262860E-04
    945.500      -0.803755E-05
    893.790      -0.927212E-05
    836.060      -0.110597E-04
    772.820      -0.142876E-04
    705.220      -0.166795E-04
    635.050      -0.185700E-04
    564.480      -0.203961E-04
    495.730      -0.260545E-04
    430.710      -0.297840E-04
    370.780      -0.257845E-04
    316.720      -0.209748E-04
    268.820      -0.156121E-04
    226.980      -0.114841E-04
    190.820      -0.833333E-05
    159.870      -0.507973E-05
    133.550      -0.392232E-05
    111.290      -0.392232E-05
    92.5600      -0.392232E-05
 262.,  19  day,levels
    991.250      -0.264146E-04
    945.500      -0.886060E-05
    893.790      -0.113426E-04
    836.060      -0.144419E-04
    772.820      -0.187629E-04
    705.220      -0.229552E-04
    635.050      -0.269547E-04
    564.480      -0.299126E-04
    495.730      -0.347222E-04
    430.710      -0.368441E-04
    370.780      -0.308771E-04
    316.720      -0.249871E-04
    268.820      -0.191101E-04
    226.980      -0.145062E-04
    190.820      -0.109053E-04
    159.870      -0.726595E-05
    133.550      -0.595422E-05
    111.290      -0.595422E-05
    92.5600      -0.595422E-05
 262.125,  19  day,levels
    991.250      -0.263632E-04
    945.500      -0.100823E-04
    893.790      -0.140689E-04
    836.060      -0.185185E-04
    772.820      -0.228652E-04
    705.220      -0.268133E-04
    635.050      -0.304655E-04
    564.480      -0.332305E-04
    495.730      -0.329475E-04
    430.710      -0.311471E-04
    370.780      -0.277778E-04
    316.720      -0.235211E-04
    268.820      -0.186600E-04
    226.980      -0.145833E-04
    190.820      -0.110340E-04
    159.870      -0.744599E-05
    133.550      -0.615998E-05
    111.290      -0.615998E-05
    92.5600      -0.615998E-05
 262.25,  19  day,levels
    991.250      -0.246013E-04
    945.500      -0.763889E-05
    893.790      -0.164995E-04
    836.060      -0.250772E-04
    772.820      -0.282150E-04
    705.220      -0.297068E-04
    635.050      -0.298740E-04
    564.480      -0.286780E-04
    495.730      -0.268904E-04
    430.710      -0.251415E-04
    370.780      -0.239326E-04
    316.720      -0.212706E-04
    268.820      -0.176569E-04
    226.980      -0.144419E-04
    190.820      -0.115612E-04
    159.870      -0.864198E-05
    133.550      -0.757459E-05
    111.290      -0.757459E-05
    92.5600      -0.757459E-05
 262.375,  19  day,levels
    991.250      -0.246013E-04
    945.500      -0.763889E-05
    893.790      -0.164995E-04
    836.060      -0.250772E-04
    772.820      -0.282150E-04
    705.220      -0.297068E-04
    635.050      -0.298740E-04
    564.480      -0.286780E-04
    495.730      -0.268904E-04
    430.710      -0.251415E-04
    370.780      -0.239326E-04
    316.720      -0.212706E-04
    268.820      -0.176569E-04
    226.980      -0.144419E-04
    190.820      -0.115612E-04
    159.870      -0.864198E-05
    133.550      -0.757459E-05
    111.290      -0.757459E-05
    92.5600      -0.757459E-05
 262.5,  19  day,levels
    991.250      -0.246013E-04
    945.500      -0.763889E-05
    893.790      -0.164995E-04
    836.060      -0.250772E-04
    772.820      -0.282150E-04
    705.220      -0.297068E-04
    635.050      -0.298740E-04
    564.480      -0.286780E-04
    495.730      -0.268904E-04
    430.710      -0.251415E-04
    370.780      -0.239326E-04
    316.720      -0.212706E-04
    268.820      -0.176569E-04
    226.980      -0.144419E-04
    190.820      -0.115612E-04
    159.870      -0.864198E-05
    133.550      -0.757459E-05
    111.290      -0.757459E-05
    92.5600      -0.757459E-05
 262.625,  19  day,levels
    991.250      -0.246013E-04
    945.500      -0.763889E-05
    893.790      -0.164995E-04
    836.060      -0.250772E-04
    772.820      -0.282150E-04
    705.220      -0.297068E-04
    635.050      -0.298740E-04
    564.480      -0.286780E-04
    495.730      -0.268904E-04
    430.710      -0.251415E-04
    370.780      -0.239326E-04
    316.720      -0.212706E-04
    268.820      -0.176569E-04
    226.980      -0.144419E-04
    190.820      -0.115612E-04
    159.870      -0.864198E-05
    133.550      -0.757459E-05
    111.290      -0.757459E-05
    92.5600      -0.757459E-05
 262.75,  19  day,levels
    991.250      -0.246013E-04
    945.500      -0.763889E-05
    893.790      -0.164995E-04
    836.060      -0.250772E-04
    772.820      -0.282150E-04
    705.220      -0.297068E-04
    635.050      -0.298740E-04
    564.480      -0.286780E-04
    495.730      -0.268904E-04
    430.710      -0.251415E-04
    370.780      -0.239326E-04
    316.720      -0.212706E-04
    268.820      -0.176569E-04
    226.980      -0.144419E-04
    190.820      -0.115612E-04
    159.870      -0.864198E-05
    133.550      -0.757459E-05
    111.290      -0.757459E-05
    92.5600      -0.757459E-05
 262.875,  19  day,levels
    991.250      -0.246013E-04
    945.500      -0.763889E-05
    893.790      -0.164995E-04
    836.060      -0.250772E-04
    772.820      -0.282150E-04
    705.220      -0.297068E-04
    635.050      -0.298740E-04
    564.480      -0.286780E-04
    495.730      -0.268904E-04
    430.710      -0.251415E-04
    370.780      -0.239326E-04
    316.720      -0.212706E-04
    268.820      -0.176569E-04
    226.980      -0.144419E-04
    190.820      -0.115612E-04
    159.870      -0.864198E-05
    133.550      -0.757459E-05
    111.290      -0.757459E-05
    92.5600      -0.757459E-05
 263.,  19  day,levels
    991.250      -0.246013E-04
    945.500      -0.763889E-05
    893.790      -0.164995E-04
    836.060      -0.250772E-04
    772.820      -0.282150E-04
    705.220      -0.297068E-04
    635.050      -0.298740E-04
    564.480      -0.286780E-04
    495.730      -0.268904E-04
    430.710      -0.251415E-04
    370.780      -0.239326E-04
    316.720      -0.212706E-04
    268.820      -0.176569E-04
    226.980      -0.144419E-04
    190.820      -0.115612E-04
    159.870      -0.864198E-05
    133.550      -0.757459E-05
    111.290      -0.757459E-05
    92.5600      -0.757459E-05
