         20.00
         60.00
        100.00
        140.00
        180.00
        220.00
        260.00
        300.00
        340.00
        380.00
        420.00
        460.00
        500.00
        540.00
        580.00
        620.00
        660.00
        700.00
        740.00
        780.00
        820.00
        860.00
        900.00
        940.00
        980.00
       1020.00
       1060.00
       1100.00
       1140.00
       1180.00
       1220.00
       1260.00
       1300.00
       1340.00
       1380.00
       1420.00
       1460.00
       1500.00
       1540.00
       1580.00
       1620.00
       1660.00
       1700.00
       1740.00
       1780.00
       1820.00
       1860.00
       1900.00
       1940.00
       1980.00
       2020.00
       2060.00
       2100.00
       2140.00
       2180.00
       2220.00
       2260.00
       2300.00
       2340.00
       2380.00
       2420.00
       2460.00
       2500.00
       2540.00
       2580.00
       2620.00
       2660.00
       2700.00
       2740.00
       2780.00
       2820.00
       2860.00
       2900.00
       2940.00
       2980.00
       3020.00
       3060.00
       3100.00
       3140.00
       3180.00
       3220.00
       3260.00
       3300.00
       3340.00
       3380.00
       3420.00
       3460.00
       3500.00
       3540.00
       3580.00
       3620.00
       3660.00
       3700.00
       3740.00
       3780.00
       3820.00
       3860.00
       3900.00
       3940.00
       3980.00
       4020.01
       4060.06
       4100.21
       4140.55
       4181.20
       4222.30
       4264.04
       4306.63
       4350.30
       4395.33
       4442.01
       4490.67
       4541.67
       4595.39
       4652.26
       4712.73
       4777.26
       4846.38
       4920.61
       5000.52
       5086.72
       5179.82
       5280.49
       5389.41
       5507.29
       5634.89
       5772.99
       5922.38
