
         20.00
         60.00
        100.00
        140.00
        180.00
        220.00
        260.00
        300.00
        340.00
        380.00
        420.00
        460.00
        500.00
        540.00
        580.00
        620.00
        660.00
        700.00
        740.00
        780.00
        820.00
        860.00
        900.00
        940.00
        980.00
       1020.00
       1060.00
       1100.00
       1140.00
       1180.00
       1220.00
       1260.00
       1300.00
       1340.00
       1380.00
       1420.00
       1460.00
       1500.00
       1540.00
       1580.00
       1620.00
       1660.00
       1700.00
       1740.00
       1780.00
       1820.00
       1860.00
       1900.00
       1940.00
       1980.00
       2020.00
       2060.00
       2100.00
       2140.00
       2180.00
       2220.00
       2260.00
       2300.00
       2340.00
       2380.00
       2420.00
       2460.00
       2500.00
       2540.00
       2580.00
       2620.00
       2660.00
       2700.00
       2740.00
       2780.00
       2820.00
       2860.00
       2900.00
       2940.00
       2980.00
       3020.00
       3060.00
       3100.00
       3140.00
       3180.00
       3220.00
       3260.00
       3300.00
       3340.00
       3380.00
       3420.00
       3460.00
       3500.00
       3540.00
       3580.00
       3620.00
       3660.00
       3700.00
       3740.00
       3780.00
       3820.00
       3860.00
       3900.00
       3940.00
       3980.00
       4020.00
       4060.01
       4100.03
       4140.07
       4180.16
       4220.30
       4260.54
       4300.88
       4341.36
       4382.03
       4422.91
       4464.06
       4505.52
       4547.33
       4589.57
       4632.27
       4675.52
       4719.38
       4763.91
       4809.19
       4855.31
       4902.33
       4950.36
       4999.49
       5049.80
       5101.39
       5154.38
       5208.86
       5264.94
       5322.75
       5382.40
       5444.00
       5507.70
       5573.62
       5641.88
       5712.64
       5786.04
       5862.21
       5941.31
       6023.50
       6108.93
       6197.77
       6290.17
       6386.32
       6486.38
       6590.53
       6698.96
       6811.85
       6929.39
       7051.77
       7179.19
       7311.85
       7449.96
       7593.73
       7743.37
       7899.10
       8061.14
       8229.71
       8405.05
       8587.39
       8776.96
       8974.00
       9178.77
       9391.51
       9612.47
       9841.91
      10080.09
      10327.27
      10583.73
      10849.74
      11125.57
      11411.50
      11707.83
      12014.83
      12332.80
      12662.04
      13002.84
      13355.52
      13720.37
      14097.72
      14487.87
      14891.16
      15307.89
      15738.41
      16183.04
      16642.11
      17115.98
      17604.97
      18109.45
      18629.76
      19166.25
      19719.30
