day sst(K) H(W/m2) LE(W/m2) TAU(m2/s2)
     0.000   999.000     0.000     0.000     0.000
     0.007   999.000     3.005    11.231     0.000
     0.014   999.000     8.483    27.610     0.000
     0.021   999.000    15.536    46.646     0.000
     0.028   999.000    23.815    67.545     0.000
     0.035   999.000    33.095    89.838     0.000
     0.042   999.000    43.207   113.190     0.000
     0.049   999.000    54.006   137.334     0.000
     0.056   999.000    65.364   162.040     0.000
     0.063   999.000    77.166   187.109     0.000
     0.069   999.000    89.300   212.357     0.000
     0.076   999.000   101.663   237.613     0.000
     0.083   999.000   114.155   262.719     0.000
     0.090   999.000   126.680   287.525     0.000
     0.097   999.000   139.144   311.887     0.000
     0.104   999.000   151.458   335.672     0.000
     0.111   999.000   163.536   358.750     0.000
     0.118   999.000   175.293   381.000     0.000
     0.125   999.000   186.652   402.306     0.000
     0.132   999.000   197.537   422.561     0.000
     0.139   999.000   207.875   441.662     0.000
     0.146   999.000   217.600   459.515     0.000
     0.153   999.000   226.650   476.031     0.000
     0.160   999.000   234.965   491.131     0.000
     0.167   999.000   242.493   504.740     0.000
     0.174   999.000   249.188   516.794     0.000
     0.181   999.000   255.005   527.234     0.000
     0.188   999.000   259.910   536.012     0.000
     0.194   999.000   263.871   543.084     0.000
     0.201   999.000   266.863   548.417     0.000
     0.208   999.000   268.868   551.987     0.000
     0.215   999.000   269.874   553.776     0.000
     0.222   999.000   269.874   553.776     0.000
     0.229   999.000   268.868   551.987     0.000
     0.236   999.000   266.863   548.417     0.000
     0.243   999.000   263.871   543.083     0.000
     0.250   999.000   259.910   536.011     0.000
     0.257   999.000   255.005   527.234     0.000
     0.264   999.000   249.187   516.794     0.000
     0.271   999.000   242.493   504.740     0.000
     0.278   999.000   234.965   491.130     0.000
     0.285   999.000   226.649   476.031     0.000
     0.292   999.000   217.600   459.515     0.000
     0.299   999.000   207.875   441.662     0.000
     0.306   999.000   197.537   422.561     0.000
     0.313   999.000   186.652   402.306     0.000
     0.319   999.000   175.293   380.999     0.000
     0.326   999.000   163.535   358.749     0.000
     0.333   999.000   151.458   335.671     0.000
     0.340   999.000   139.144   311.887     0.000
     0.347   999.000   126.680   287.524     0.000
     0.354   999.000   114.155   262.718     0.000
     0.361   999.000   101.663   237.612     0.000
     0.368   999.000    89.300   212.356     0.000
     0.375   999.000    77.165   187.109     0.000
     0.382   999.000    65.364   162.040     0.000
     0.389   999.000    54.006   137.333     0.000
     0.396   999.000    43.207   113.190     0.000
     0.403   999.000    33.095    89.837     0.000
     0.410   999.000    23.814    67.544     0.000
     0.417   999.000    15.535    46.645     0.000
     0.424   999.000     8.483    27.609     0.000
     0.431   999.000     3.005    11.231     0.000
     0.438   999.000     0.000     0.000     0.000
     0.444   999.000     0.000     0.000     0.000
     0.451   999.000     0.000     0.000     0.000
     0.458   999.000     0.000     0.000     0.000
     0.465   999.000     0.000     0.000     0.000
     0.472   999.000     0.000     0.000     0.000
     0.479   999.000     0.000     0.000     0.000
     0.486   999.000     0.000     0.000     0.000
     0.493   999.000     0.000     0.000     0.000
     0.500   999.000     0.000     0.000     0.000
