 25.00000000
 50.00000000
 105.2631531
 160.5263062
 226.3157501
 292.1051941
 368.4209595
 444.7367249
 531.5787964
 618.4208984
 715.7893066
 813.1577148
 921.0524902
 1028.947266
 1147.368408
 1265.789429
 1394.736816
 1523.684082
 1663.157715
 1802.631470
 1952.631592
 2102.631592
 2263.157959
 2423.684326
 2594.736816
 2765.789551
 2947.368652
 3128.947510
 3321.052734
 3513.157959
 3715.789551
 3918.421143
 4131.579102
 4344.736816
 4568.420898
 4792.104980
 5026.315430
 5260.525879
 5505.262695
 5750.000000
 6000.000000
 6250.000000
 6500.000000
 6750.000000
 7000.000000
 7250.000000
 7500.000000
 7750.000000
 8000.000000
 8250.000000
 8500.000000
 8750.000000
