 z[m] p[mb] tls[K/s] qls[kg/kg/s] uls vls wls[m/s]
 0.,  33,  1012.  day,levels,pres0
         46.6     1006.68   0.1620E-05   0.3708E-08     -1.00      0.00      0.00
        160.3      993.76  -0.1472E-05   0.5934E-08     -1.00      0.00      0.00
        301.7      977.87  -0.6236E-05   0.9795E-08     -1.00      0.00      0.00
        470.7      959.12  -0.1208E-04   0.1461E-07     -1.00      0.00      0.00
        667.2      937.67  -0.1825E-04   0.1908E-07     -1.00      0.00      0.00
        891.4      913.70  -0.2415E-04   0.2208E-07     -1.00      0.00      0.00
       1143.1      887.38  -0.3005E-04   0.2468E-07     -1.00      0.00      0.00
       1422.4      858.91  -0.3451E-04   0.2516E-07     -1.00      0.00      0.00
       1729.3      828.51  -0.3866E-04   0.2534E-07     -1.00      0.00      0.00
       2063.8      796.40  -0.4113E-04   0.2446E-07     -1.00      0.00      0.00
       2425.9      762.83  -0.4335E-04   0.2342E-07     -1.00      0.00      0.00
       2815.5      728.03  -0.4478E-04   0.2203E-07     -1.00      0.00      0.00
       3232.8      692.23  -0.4602E-04   0.2050E-07     -1.00      0.00      0.00
       3677.6      655.67  -0.4686E-04   0.1876E-07     -1.00      0.00      0.00
       4150.0      618.59  -0.4728E-04   0.1704E-07     -1.00      0.00      0.00
       4650.0      581.27  -0.4716E-04   0.1536E-07     -1.00      0.00      0.00
       5177.6      543.94  -0.4621E-04   0.1375E-07     -1.00      0.00      0.00
       5732.8      506.84  -0.4458E-04   0.1219E-07     -1.00      0.00      0.00
       6315.5      470.17  -0.4232E-04   0.1059E-07     -1.00      0.00      0.00
       6925.9      434.13  -0.3982E-04   0.8993E-08     -1.00      0.00      0.00
       7563.8      398.88  -0.3651E-04   0.7456E-08     -1.00      0.00      0.00
       8229.3      364.59  -0.3279E-04   0.5973E-08     -1.00      0.00      0.00
       8922.4      331.38  -0.2739E-04   0.4573E-08     -1.00      0.00      0.00
       9643.1      299.38  -0.2128E-04   0.3282E-08     -1.00      0.00      0.00
      10391.4      268.72  -0.1468E-04   0.2091E-08     -1.00      0.00      0.00
      11167.2      239.49  -0.9586E-05   0.1213E-08     -1.00      0.00      0.00
      11970.7      211.81  -0.5854E-05   0.5837E-09     -1.00      0.00      0.00
      12801.7      185.81  -0.3348E-05   0.2026E-09     -1.00      0.00      0.00
      13660.3      161.60  -0.1626E-05   0.5677E-10     -1.00      0.00      0.00
      14546.6      139.36  -0.6005E-06   0.1018E-10     -1.00      0.00      0.00
      15460.3      119.24   0.0000E+00   0.0000E+00     -1.00      0.00      0.00
      16401.7      101.39   0.0000E+00   0.0000E+00     -1.00      0.00      0.00
      17370.7       85.80   0.0000E+00   0.0000E+00     -1.00      0.00      0.00
 999.,  33,  1012.  day,levels,pres0
         46.6     1006.68   0.1620E-05   0.3708E-08     -1.00      0.00      0.00
        160.3      993.76  -0.1472E-05   0.5934E-08     -1.00      0.00      0.00
        301.7      977.87  -0.6236E-05   0.9795E-08     -1.00      0.00      0.00
        470.7      959.12  -0.1208E-04   0.1461E-07     -1.00      0.00      0.00
        667.2      937.67  -0.1825E-04   0.1908E-07     -1.00      0.00      0.00
        891.4      913.70  -0.2415E-04   0.2208E-07     -1.00      0.00      0.00
       1143.1      887.38  -0.3005E-04   0.2468E-07     -1.00      0.00      0.00
       1422.4      858.91  -0.3451E-04   0.2516E-07     -1.00      0.00      0.00
       1729.3      828.51  -0.3866E-04   0.2534E-07     -1.00      0.00      0.00
       2063.8      796.40  -0.4113E-04   0.2446E-07     -1.00      0.00      0.00
       2425.9      762.83  -0.4335E-04   0.2342E-07     -1.00      0.00      0.00
       2815.5      728.03  -0.4478E-04   0.2203E-07     -1.00      0.00      0.00
       3232.8      692.23  -0.4602E-04   0.2050E-07     -1.00      0.00      0.00
       3677.6      655.67  -0.4686E-04   0.1876E-07     -1.00      0.00      0.00
       4150.0      618.59  -0.4728E-04   0.1704E-07     -1.00      0.00      0.00
       4650.0      581.27  -0.4716E-04   0.1536E-07     -1.00      0.00      0.00
       5177.6      543.94  -0.4621E-04   0.1375E-07     -1.00      0.00      0.00
       5732.8      506.84  -0.4458E-04   0.1219E-07     -1.00      0.00      0.00
       6315.5      470.17  -0.4232E-04   0.1059E-07     -1.00      0.00      0.00
       6925.9      434.13  -0.3982E-04   0.8993E-08     -1.00      0.00      0.00
       7563.8      398.88  -0.3651E-04   0.7456E-08     -1.00      0.00      0.00
       8229.3      364.59  -0.3279E-04   0.5973E-08     -1.00      0.00      0.00
       8922.4      331.38  -0.2739E-04   0.4573E-08     -1.00      0.00      0.00
       9643.1      299.38  -0.2128E-04   0.3282E-08     -1.00      0.00      0.00
      10391.4      268.72  -0.1468E-04   0.2091E-08     -1.00      0.00      0.00
      11167.2      239.49  -0.9586E-05   0.1213E-08     -1.00      0.00      0.00
      11970.7      211.81  -0.5854E-05   0.5837E-09     -1.00      0.00      0.00
      12801.7      185.81  -0.3348E-05   0.2026E-09     -1.00      0.00      0.00
      13660.3      161.60  -0.1626E-05   0.5677E-10     -1.00      0.00      0.00
      14546.6      139.36  -0.6005E-06   0.1018E-10     -1.00      0.00      0.00
      15460.3      119.24   0.0000E+00   0.0000E+00     -1.00      0.00      0.00
      16401.7      101.39   0.0000E+00   0.0000E+00     -1.00      0.00      0.00
      17370.7       85.80   0.0000E+00   0.0000E+00     -1.00      0.00      0.00
