 25.00000000 1 50.00000000
 75.00000000 2 50.00000000
 125.0000000 3 50.00000000
 175.0000000 4 50.00000000
 225.0000000 5 50.00000000
 275.0000000 6 50.00000000
 325.0000000 7 50.00000000
 375.0000000 8 50.00000000
 425.0000000 9 50.00000000
 475.0000000 10 50.00000000
 525.0000000 11 50.00000000
 575.0000000 12 50.00000000
 625.0000000 13 50.00000000
 675.0000000 14 50.00000000
 725.0000000 15 50.00000000
 775.0000000 16 50.00000000
 825.0000000 17 50.00000000
 875.0000000 18 50.00000000
 925.0000000 19 50.00000000
 975.0000000 20 50.00000000
 1025.000000 21 50.00000000
 1075.000000 22 50.00000000
 1125.000000 23 50.00000000
 1175.000000 24 50.00000000
 1225.000000 25 50.00000000
 1275.328979 26 50.32897949
 1326.320190 27 50.99121094
 1377.982300 28 51.66210938
 1430.324219 29 52.34191895
 1483.354858 30 53.03063965
 1537.083252 31 53.72839355
 1591.518555 32 54.43530273
 1646.670166 33 55.15161133
 1702.547363 34 55.87719727
 1759.159790 35 56.61242676
 1816.517212 36 57.35742188
 1874.629272 37 58.11206055
 1933.505981 38 58.87670898
 1993.157349 39 59.65136719
 2053.593750 40 60.43640137
 2114.825195 41 61.23144531
 2176.862305 42 62.03710938
 2239.715820 43 62.85351562
 2303.396240 44 63.68041992
 2367.914551 45 64.51831055
 2433.281738 46 65.36718750
 2499.509033 47 66.22729492
 2566.607910 48 67.09887695
 2634.589600 49 67.98168945
 2703.465820 50 68.87622070
 2773.248291 51 69.78247070
 2843.948975 52 70.70068359
 2915.579834 53 71.63085938
 2988.153320 54 72.57348633
 3061.681641 55 73.52832031
 3136.177490 56 74.49584961
 3211.653564 57 75.47607422
 3288.122803 58 76.46923828
 3365.598145 59 77.47534180
 3444.092773 60 78.49462891
 3523.620361 61 79.52758789
 3604.194336 62 80.57397461
 3685.828369 63 81.63403320
 3768.536621 64 82.70825195
 3852.333252 65 83.79663086
 3937.232422 66 84.89916992
 4023.248535 67 86.01611328
 4110.396484 68 87.14794922
 4198.691406 69 88.29492188
 4288.147949 70 89.45654297
 4378.781250 71 90.63330078
 4470.607422 72 91.82617188
 4563.641602 73 93.03417969
 4657.899902 74 94.25830078
 4753.398438 75 95.49853516
 4850.153809 76 96.75537109
 4948.182129 77 98.02832031
 5047.500488 78 99.31835938
 5147.500488 79 100.0000000
 5247.500488 80 100.0000000
 5347.500488 81 100.0000000
 5447.500488 82 100.0000000
 5547.500488 83 100.0000000
 5647.500488 84 100.0000000
 5747.500488 85 100.0000000
 5847.500488 86 100.0000000
 5947.500488 87 100.0000000
 6047.500488 88 100.0000000
 6147.500488 89 100.0000000
 6247.500488 90 100.0000000
 6347.500488 91 100.0000000
 6447.500488 92 100.0000000
 6547.500488 93 100.0000000
 6647.500488 94 100.0000000
 6747.500488 95 100.0000000
 6847.500488 96 100.0000000
 6947.500488 97 100.0000000
 7047.500488 98 100.0000000
 7147.500488 99 100.0000000
 7247.500488 100 100.0000000
 7347.500488 101 100.0000000
 7447.500488 102 100.0000000
 7547.500488 103 100.0000000
 7647.500488 104 100.0000000
 7747.500488 105 100.0000000
 7847.500488 106 100.0000000
 7947.500488 107 100.0000000
 8047.500488 108 100.0000000
 8147.500488 109 100.0000000
 8247.500000 110 99.99951172
 8347.500000 111 100.0000000
 8447.500000 112 100.0000000
 8547.500000 113 100.0000000
 8647.500000 114 100.0000000
 8747.500000 115 100.0000000
 8847.500000 116 100.0000000
 8947.500000 117 100.0000000
 9047.500000 118 100.0000000
 9147.500000 119 100.0000000
 9247.500000 120 100.0000000
 9347.500000 121 100.0000000
 9447.500000 122 100.0000000
 9547.500000 123 100.0000000
 9647.500000 124 100.0000000
 9747.500000 125 100.0000000
 9847.500000 126 100.0000000
 9947.500000 127 100.0000000
 10047.50000 128 100.0000000
 10147.50000 129 100.0000000
 10247.50000 130 100.0000000
 10347.50000 131 100.0000000
 10447.50000 132 100.0000000
 10547.50000 133 100.0000000
 10647.50000 134 100.0000000
 10747.50000 135 100.0000000
 10847.50000 136 100.0000000
 10947.50000 137 100.0000000
 11047.50000 138 100.0000000
 11147.50000 139 100.0000000
 11247.50000 140 100.0000000
 11347.50000 141 100.0000000
 11447.50000 142 100.0000000
 11547.50000 143 100.0000000
 11647.50000 144 100.0000000
 11747.50000 145 100.0000000
 11847.50000 146 100.0000000
 11947.50000 147 100.0000000
 12047.50000 148 100.0000000
 12147.50000 149 100.0000000
 12247.50000 150 100.0000000
 12347.50000 151 100.0000000
 12447.50000 152 100.0000000
 12547.50000 153 100.0000000
 12647.50000 154 100.0000000
 12747.50000 155 100.0000000
 12847.50000 156 100.0000000
 12947.50000 157 100.0000000
 13047.50000 158 100.0000000
 13147.50000 159 100.0000000
 13247.50000 160 100.0000000
 13347.50000 161 100.0000000
 13447.50000 162 100.0000000
 13547.50000 163 100.0000000
 13647.50000 164 100.0000000
 13747.50000 165 100.0000000
 13847.50000 166 100.0000000
 13947.50000 167 100.0000000
 14047.50000 168 100.0000000
 14147.50000 169 100.0000000
 14247.50000 170 100.0000000
 14347.50000 171 100.0000000
 14447.50000 172 100.0000000
 14547.50000 173 100.0000000
 14647.50000 174 100.0000000
 14747.50000 175 100.0000000
 14847.50000 176 100.0000000
 14947.50000 177 100.0000000
 15047.50000 178 100.0000000
 15147.50000 179 100.0000000
 15247.50000 180 100.0000000
 15347.50000 181 100.0000000
 15447.50000 182 100.0000000
 15547.50000 183 100.0000000
 15647.50000 184 100.0000000
 15747.50000 185 100.0000000
 15847.50000 186 100.0000000
 15947.50000 187 100.0000000
 16047.50000 188 100.0000000
 16147.50000 189 100.0000000
 16247.50000 190 100.0000000
 16347.50000 191 100.0000000
 16447.50000 192 100.0000000
 16547.50000 193 100.0000000
 16647.50000 194 100.0000000
 16747.50000 195 100.0000000
 16847.50000 196 100.0000000
 16947.50000 197 100.0000000
 17047.50000 198 100.0000000
 17147.50000 199 100.0000000
 17247.50000 200 100.0000000
 17347.50000 201 100.0000000
 17447.50000 202 100.0000000
 17547.50000 203 100.0000000
 17647.50000 204 100.0000000
 17747.50000 205 100.0000000
 17847.50000 206 100.0000000
 17947.50000 207 100.0000000
 18047.50000 208 100.0000000
 18148.68750 209 101.1875000
 18252.40430 210 103.7167969
 18358.71484 211 106.3105469
 18467.68359 212 108.9687500
 18579.37500 213 111.6914062
 18693.85938 214 114.4843750
 18811.20508 215 117.3457031
 18931.48438 216 120.2792969
 19054.77148 217 123.2871094
 19181.14062 218 126.3691406
 19310.66992 219 129.5292969
 19443.43750 220 132.7675781
 19579.52344 221 136.0859375
 19719.01172 222 139.4882812
 19861.98633 223 142.9746094
 20008.53516 224 146.5488281
 20158.74805 225 150.2128906
 20312.71680 226 153.9687500
 20470.53516 227 157.8183594
 20632.29883 228 161.7636719
 20798.10547 229 165.8066406
 20968.05859 230 169.9531250
 21142.25977 231 174.2011719
 21320.81641 232 178.5566406
 21503.83594 233 183.0195312
 21691.43164 234 187.5957031
 21883.71680 235 192.2851562
 22080.81055 236 197.0937500
 22282.42578 237 201.6152344
 22488.07422 238 205.6484375
 22697.83594 239 209.7617188
 22911.79297 240 213.9570312
 23130.02930 241 218.2363281
 23352.62891 242 222.5996094
 23579.68164 243 227.0527344
 23811.27539 244 231.5937500
 24047.50000 245 236.2246094
 24288.44922 246 240.9492188
 24534.21875 247 245.7695312
 24784.90234 248 250.6835938
 25040.59961 249 255.6972656
 25301.41211 250 260.8125000
 25567.43945 251 266.0273438
 25838.78906 252 271.3496094
 26115.56445 253 276.7753906
 26397.87500 254 282.3105469
 26685.83203 255 287.9570312
 26979.54883 256 293.7167969
 27279.14062 257 299.5917969
 27579.14062 258 300.0000000
 27879.14062 259 300.0000000
 28179.14062 260 300.0000000
 28479.14062 261 300.0000000
 28779.14062 262 300.0000000
 29079.14062 263 300.0000000
 29379.14062 264 300.0000000
 29679.14062 265 300.0000000
 29979.14062 266 300.0000000
