 z[m] p[mb] tp[K] q[g/kg] u[m/s] v[m/s]
 0.,  7, 1017.80  day,levels,pres0
   0.0 -999.0 289.00   9.00   7.00  -5.50
 840.0 -999.0 289.00   9.00   7.00  -5.50
 845.0 -999.0 299.21   1.50   7.00  -5.50
1345.0 -999.0 302.31   1.50   7.00  -5.50
1845.0 -999.0 305.46   1.50   7.00  -5.50
2345.0 -999.0 308.65   1.50   7.00  -5.50
2845.0 -999.0 311.92   1.50   7.00  -5.50
 100.,  7, 1017.80  day,levels,pres0
   0.0 -999.0 289.00   9.00   7.00  -5.50
 840.0 -999.0 289.00   9.00   7.00  -5.50
 845.0 -999.0 299.21   1.50   7.00  -5.50
1345.0 -999.0 302.31   1.50   7.00  -5.50
1845.0 -999.0 305.46   1.50   7.00  -5.50
2345.0 -999.0 308.65   1.50   7.00  -5.50
2845.0 -999.0 311.92   1.50   7.00  -5.50

